tree
version=v4
num_class=1
num_tree_per_iteration=1
label_index=0
max_feature_idx=25
objective=regression
feature_names=LiaisonId_code Annee Mois JourSemaine EstWeekend EstFerie EstRamadan EstVacances jour_semaine_sin jour_semaine_cos mois_sin mois_cos liaison_frequence liaison_cible_encodage_controles interaction_jour_liaison_controles lag_1_controles lag_7_controles lag_14_controles lag_30_controles lag_365_controles rolling_mean_7_controles rolling_mean_14_controles rolling_mean_30_controles rolling_std_7_controles rolling_std_14_controles rolling_std_30_controles
feature_infos=[0:2381] [2024:2025] [1:12] [0:6] [0:1] [0:1] [0:1] none [-0.97492791218182362:0.97492791218182362] [-0.90096886790241903:1] [-1:1] [-1:1] [163:1474] [0.0014705882352941176:354.80996309963098] [0:424.73913043478262] [0:2732] [0:2732] [0:2732] [0:2732] [0:936] [0:1601.5714111328125] [0:998.85711669921875] [0:663.433349609375] [0:1097.240234375] [0:937.0655517578125] [0:727.32220458984375]
tree_sizes=5697 5878 5836 5918 5801 5867 5900 5858 5884 5862 5921 5865 5949 5949 5933 5909

Tree=0
num_leaves=63
num_cat=0
split_feature=13 13 14 8 2 2 9 12 0 8 3 0 2 2 2 9 12 3 0 8 10 13 10 0 2 8 23 25 14 12 14 2 23 2 9 20 14 12 0 14 0 23 23 25 0 22 9 2 3 8 22 3 0 13 12 13 13 14 10 14 2 14
split_gain=55.5242 5.65365 3.09905 1.30533 1.00543 1.3144 1.2607 0.979893 0.986435 1.2499 0.871647 0.868061 0.85089 0.732927 4.22361 1.98259 0.648234 0.615218 0.594658 0.552702 0.707373 1.15069 0.704806 0.541849 0.508674 1.06834 0.671579 0.537171 0.494978 0.48555 0.466578 0.444578 0.914597 0.786247 0.713818 0.414632 0.521343 0.407215 0.398621 0.383267 0.3658 0.354803 0.348509 0.3207 0.292112 0.284534 0.283018 0.59341 0.450559 0.282211 0.281409 0.26772 0.252318 0.465848 0.402086 0.430986 0.262002 0.295125 0.250409 0.246017 0.262398 0.244912
threshold=0.29882004872955109 0.077444912296848537 1.5026315789473685 -0.8783796973249266 2.5000000000000004 1.5000000000000002 -0.56174490092936669 579.00000000000011 1544.5000000000002 1.0000000180025095e-35 4.5000000000000009 1685.5000000000002 2.5000000000000004 2.5000000000000004 1.5000000000000002 -0.22252093395631442 1187.0000000000002 3.5000000000000004 1.0000000180025095e-35 0.6078576107927941 0.68301270189221941 0.006505828615769889 -0.5 2326.5000000000005 2.5000000000000004 1.0000000180025095e-35 1.2342761158943178 0.68017795681953441 0.10948202054794522 1177.5000000000002 0.2466642946095001 2.5000000000000004 3.1735315322875981 1.5000000000000002 -0.56174490092936669 8.2142858505249041 8.7278338945005629 958.50000000000011 2357.5000000000005 0.1696514230892229 1089.5000000000002 1.5196915268898012 0.77136236429214489 1.2856410145759585 111.00000000000001 4.4500000476837167 -0.56174490092936669 1.5000000000000002 3.5000000000000004 1.0000000180025095e-35 1.0000000180025095e-35 4.5000000000000009 448.50000000000006 0.06190015658100765 1408.5000000000002 0.026677132391418109 0.0097166055608881082 0.020204081632653064 -0.6830127018922193 0.18044171220400732 3.5000000000000004 0.050316455696202543
decision_type=2 2 2 2 2 2 2 2 2 2 2 2 2 2 2 2 2 2 2 2 2 2 2 2 2 2 2 2 2 2 2 2 2 2 2 2 2 2 2 2 2 2 2 2 2 2 2 2 2 2 2 2 2 2 2 2 2 2 2 2 2 2
left_child=1 3 31 12 5 -4 17 8 9 -5 23 13 -1 14 40 -16 29 -7 -18 20 22 -22 -13 24 25 26 27 -3 37 -15 42 32 46 -34 -35 -19 -37 -21 50 44 -9 -28 59 -33 49 -6 47 -2 -49 -26 61 -8 53 54 55 -14 57 -54 -44 60 -25 -12
right_child=2 10 4 7 45 6 51 11 -10 -11 38 19 52 16 15 -17 18 35 -20 28 21 -23 -24 30 39 -27 41 -29 -30 -31 -32 43 33 34 -36 36 -38 -39 -40 -41 -42 -43 58 -45 -46 -47 -48 48 -50 -51 -52 -53 56 -55 -56 -57 -58 -59 -60 -61 -62 -63
leaf_value=0.083581942248028687 0.083858889751151008 0.087572852745229635 0.083085461359607329 0.10603405988862284 0.083259139436440407 0.084609928159181336 0.084277390069398814 0.086169279861911627 0.084345392688836798 0.088219291131243785 0.091053257964376147 0.087440415999647164 0.087602236086132504 0.086443279560341174 0.092195839781431477 0.086424476650996659 0.090948631660254145 0.085350676122832356 0.085718872152244441 0.082556315842589961 0.082480294491902736 0.089050195491346323 0.086202238277884591 0.084261296893230322 0.084886910619751579 0.084926750382546948 0.096448922900562964 0.083488798230691566 0.092123473664854641 0.089295842374777973 0.090209850327373275 0.084039644006705785 0.083333029749428675 0.090174754895472983 0.085226507946549374 0.091421999395660855 0.086911173985653289 0.086050661493852432 0.087314285426695976 0.084546832317857326 0.084786542503451023 0.089221308006072947 0.091909699858556543 0.083628286234101817 0.085088963087136926 0.082951757190304759 0.083796565726896283 0.084315067698600782 0.087670662531728116 0.087230486543246555 0.084240096860480299 0.083142510904137407 0.08622935970513422 0.081771048645762054 0.089650205639184799 0.081419667007764748 0.085075324411548831 0.091940198592895442 0.086828572962970169 0.083159822189330865 0.086579078246375799 0.085492739920997651
leaf_weight=712 669 468 3756 20 11500 475 1211 1294 23 21 23 1942 91 2242 440 229 55 212 12996 85 73 654 2911 162 220 1082 28 95 33 163 74 7611 131 164 136 93 227 2338 114 3599 776 54 39 12796 5700 23018 2445 167 239 330 4436 924 226 37 132 40 1384 26 77 88 450 174
leaf_count=712 669 468 3756 20 11500 475 1211 1294 23 21 23 1942 91 2242 440 229 55 212 12996 85 73 654 2911 162 220 1082 28 95 33 163 74 7611 131 164 136 93 227 2338 114 3599 776 54 39 12796 5700 23018 2445 167 239 330 4436 924 226 37 132 40 1384 26 77 88 450 174
internal_value=0.0843605 0.0856898 0.0834276 0.0861167 0.0831643 0.0837168 0.08447 0.0862234 0.0924215 0.0970627 0.0849718 0.086208 0.0850555 0.0860158 0.0867728 0.0902284 0.0858813 0.0859296 0.0857413 0.0866425 0.0869192 0.0883834 0.0866988 0.0851914 0.0850993 0.0858927 0.0875049 0.0868748 0.0860116 0.0866389 0.0863834 0.0838754 0.0843605 0.0865347 0.0879492 0.0870981 0.0882395 0.0859259 0.0843941 0.0849597 0.0856534 0.0917619 0.0860296 0.0837815 0.0851966 0.083054 0.0840947 0.0847681 0.0862784 0.0863024 0.0843233 0.0837839 0.0856 0.0869433 0.0876907 0.0856755 0.0853505 0.0868412 0.088585 0.0855985 0.0859575 0.0861704
internal_weight=111930 46156 65774 28943 41416 6898 3142 26295 64 41 17213 26231 2648 18195 2739 669 15456 1007 13051 8036 5580 727 4853 12466 11576 1727 645 563 2456 2405 890 24358 3951 431 300 532 320 2423 4747 9849 2070 82 816 20407 6250 34518 3520 1075 406 550 4633 2135 1936 300 263 131 1636 252 116 700 612 197
internal_count=111930 46156 65774 28943 41416 6898 3142 26295 64 41 17213 26231 2648 18195 2739 669 15456 1007 13051 8036 5580 727 4853 12466 11576 1727 645 563 2456 2405 890 24358 3951 431 300 532 320 2423 4747 9849 2070 82 816 20407 6250 34518 3520 1075 406 550 4633 2135 1936 300 263 131 1636 252 116 700 612 197
is_linear=0
shrinkage=1


Tree=1
num_leaves=63
num_cat=0
split_feature=14 14 14 8 14 2 2 9 3 10 2 3 0 0 20 3 0 9 14 25 24 14 2 10 0 2 20 22 22 0 8 14 2 15 18 22 22 22 0 14 0 2 24 25 21 2 0 2 22 3 2 2 2 20 24 2 20 2 0 14 0 14
split_gain=49.4956 5.37923 1.49591 1.21298 0.984414 0.975142 1.29386 1.35911 0.939176 2.39719 2.40921 1.22461 0.994148 0.721412 0.643964 0.630906 0.630373 0.590635 0.580356 0.542636 0.523656 0.516018 0.484377 0.46404 0.453616 0.434703 0.431756 0.427757 0.424744 0.4648 0.418888 0.503442 0.745695 0.394634 0.400738 0.379059 0.710891 0.383533 0.341712 0.544281 0.348547 0.333547 0.303125 0.295234 0.293996 0.287976 0.388214 0.504872 0.302991 0.28655 0.2758 0.265776 0.638778 0.405255 0.258582 0.432698 0.413788 0.287564 0.253123 0.234702 0.234539 0.559072
threshold=0.16447026183457605 1.0914315569487985 0.077849927849927864 -0.8783796973249266 0.37323383084577122 2.5000000000000004 1.5000000000000002 -0.56174490092936669 3.5000000000000004 0.68301270189221941 2.5000000000000004 5.5000000000000009 370.50000000000006 2357.5000000000005 1.0000000180025095e-35 3.5000000000000004 4.5000000000000009 -0.56174490092936669 0.050316455696202543 0.32543723285198217 0.82708111405372631 0.015504807692307694 2.5000000000000004 -0.6830127018922193 299.50000000000006 2.5000000000000004 1.0000000180025095e-35 4.5166666507720956 0.050000002607703216 2237.5000000000005 0.6078576107927941 1.0000000180025095e-35 8.5000000000000018 9.5000000000000018 13.500000000000002 0.050000002607703216 0.083333335816860213 1.0000000180025095e-35 1685.5000000000002 0.018019480519480522 798.00000000000011 11.500000000000002 0.3944759219884873 0.48718334734439855 0.10714286193251611 3.5000000000000004 2338.5000000000005 4.5000000000000009 0.050000002607703216 4.5000000000000009 3.5000000000000004 1.5000000000000002 2.5000000000000004 1.0000000180025095e-35 1.0703283548355105 2.5000000000000004 0.78571429848670971 1.5000000000000002 2335.5000000000005 0.05917366946778712 2280.0000000000005 0.2466642946095001
decision_type=2 2 2 2 2 2 2 2 2 2 2 2 2 2 2 2 2 2 2 2 2 2 2 2 2 2 2 2 2 2 2 2 2 2 2 2 2 2 2 2 2 2 2 2 2 2 2 2 2 2 2 2 2 2 2 2 2 2 2 2 2 2
left_child=2 4 3 22 54 6 -3 15 13 23 11 12 -11 16 21 -8 35 19 -13 51 24 -12 42 28 -18 -21 41 -7 59 -30 31 32 -15 -17 -35 37 -37 -5 40 -40 -25 58 -1 -28 -33 -19 -47 -48 -49 -9 -32 -4 53 -53 60 56 -56 -58 -24 -10 -2 -62
right_child=1 5 17 8 -6 27 7 49 9 10 14 18 -14 30 -16 33 20 45 -20 25 -22 -23 26 38 -26 -27 43 -29 29 -31 50 44 -34 34 -36 36 -38 -39 39 -41 -42 -43 -44 -45 -46 46 47 48 -50 -51 -52 52 -54 -55 55 -57 57 -59 -60 -61 61 -63
leaf_value=-0.00070490366434754702 0.00024948372976055526 -0.0011722265374554093 7.1623945299215412e-05 0.0068431554566388128 -0.00045129972252743182 -0.00099665110209316518 0.00028361882849513146 -6.0024954459083349e-05 0.0030801079682430317 0.012721838732536695 0.0045998262313625016 0.00040309496358691577 0.006356172839876887 0.015977115302803033 -0.00036380271805971009 0.001399055598649338 0.00066363402840081921 -1.0402256758897028e-05 0.0088440902649881362 0.0026705109523139513 -0.00079593584077752985 0.0017710622150295689 0.0016233158567365961 0.0017917525249621117 0.0015454627211498285 0.00066848523830405544 -0.0010257859189772738 -0.0013388721905351814 0.00079513082279419943 0.0063495253874188088 0.0063343894949818014 0.0023833722254939221 0.0037891077056686224 0.0057693096136267165 0.0019752229345260325 0.014814707913280073 0.0039454644762819671 -9.8427540154626483e-06 0.0014250707502552263 0.0032246648001346859 0.00087844347495819638 -0.0024286548750721824 0.0048693177323191027 0.0026809203467979769 0.0086026676177266125 0.00066724800667860944 0.00813716128120235 0.0071255742947095649 0.0011632609446457821 -0.0011766439868387509 0.00052033274812884379 0.0039246427108290604 0.0024090195049500177 0.012446534819213668 -0.00025414853415071009 -0.00051432969397485913 0.00053720497628903421 0.0045872032058107059 -0.0016460011039121378 0.0073158089969296864 0.00052672641530003127 0.0051811613018559839
leaf_weight=696 7470 4195 101 30 16270 15488 512 1342 822 73 271 116 469 25 192 302 1627 1484 25 329 257 421 1527 2029 16064 1625 347 22873 401 42 26 98 28 155 136 22 54 59 1066 712 2222 55 25 63 25 4392 36 24 229 1018 105 34 687 27 206 2317 77 112 60 36 317 82
leaf_count=696 7470 4195 101 30 16270 15488 512 1342 822 73 271 116 469 25 192 302 1627 1484 25 329 257 421 1527 2029 16064 1625 347 22873 401 42 26 98 28 155 136 22 54 59 1066 712 2222 55 25 63 25 4392 36 24 229 1018 105 34 687 27 206 2317 77 112 60 36 317 82
internal_value=8.68272e-09 -0.000769706 0.00143622 0.00160535 -0.000207072 -0.00109786 -0.000581528 0.000132188 0.00170659 0.0021298 0.00390744 0.00614176 0.00722495 0.0015019 0.002175 0.00158044 0.0014607 0.000868188 0.00194037 0.00147117 0.001432 0.00288659 0.000606135 0.00174905 0.00146465 0.00100825 0.000998654 -0.00120084 0.00261125 0.00133433 0.00391485 0.00552093 0.00965159 0.00269146 0.00401459 0.00455028 0.00717286 0.00224913 0.00156212 0.00214867 0.00131557 0.00136181 -0.00050404 -0.000443512 0.00369404 0.000593204 0.000785628 0.00256652 0.0017512 -0.000543833 0.00171636 0.00253046 0.00285573 0.00779266 0.000167996 -0.000252015 0.00127376 0.0029648 0.00149647 0.00326449 0.000313386 0.00149686
internal_weight=111930 72872 39058 30090 26851 46021 7660 3465 27317 8897 1567 683 542 18420 884 1105 18113 8968 141 2803 17948 692 2773 7330 17691 1954 2052 38361 1301 443 307 176 53 593 291 165 76 89 6029 1778 4251 1642 721 410 123 6165 4681 289 253 2360 131 849 748 61 10581 2712 395 189 1587 858 7869 399
internal_count=111930 72872 39058 30090 26851 46021 7660 3465 27317 8897 1567 683 542 18420 884 1105 18113 8968 141 2803 17948 692 2773 7330 17691 1954 2052 38361 1301 443 307 176 53 593 291 165 76 89 6029 1778 4251 1642 721 410 123 6165 4681 289 253 2360 131 849 748 61 10581 2712 395 189 1587 858 7869 399
is_linear=0
shrinkage=0.05


Tree=2
num_leaves=63
num_cat=0
split_feature=13 13 13 9 2 2 12 0 2 2 9 3 0 0 8 12 2 0 0 12 13 13 3 0 21 12 11 13 0 0 13 2 0 11 12 2 8 23 25 15 12 3 2 2 3 23 18 25 13 0 0 24 23 24 24 2 0 23 0 13 13 3
split_gain=45.3188 4.67897 2.43386 1.07173 1.46844 4.01025 0.967205 0.941982 0.883878 1.18811 1.11551 0.752271 0.748448 0.723585 0.677772 0.771826 0.705783 0.652712 0.59975 0.599646 0.799522 0.688139 0.543188 0.530143 0.527705 0.500596 0.936021 0.570271 0.486287 0.472382 0.664644 0.54164 0.449908 0.446033 1.04836 0.430078 0.92076 0.593349 0.472921 0.421167 0.418528 0.404463 0.554053 1.22999 1.18723 0.419729 0.379057 0.342505 0.640977 0.4111 0.342249 0.35138 0.32912 0.324334 0.416205 0.530064 0.318025 0.309619 0.29722 0.297127 0.278249 0.433185
threshold=0.29882004872955109 0.077444912296848537 1.3240307785100884 -0.56174490092936669 2.5000000000000004 1.5000000000000002 1386.5000000000002 2237.5000000000005 2.5000000000000004 1.5000000000000002 -0.56174490092936669 4.5000000000000009 370.50000000000006 1777.0000000000002 -0.8783796973249266 579.00000000000011 2.5000000000000004 2083.5000000000005 1982.5000000000002 1416.5000000000002 0.024125746672310804 0.010251155947877261 3.5000000000000004 1585.5000000000002 1.0000000180025095e-35 881.50000000000011 -0.68301270189221952 0.018820366856419992 1516.5000000000002 1134.5000000000002 0.006505828615769889 2.5000000000000004 2326.5000000000005 -0.24999999999999994 1112.0000000000002 2.5000000000000004 1.0000000180025095e-35 1.2342761158943178 0.68017795681953441 8.5000000000000018 1411.5000000000002 4.5000000000000009 2.5000000000000004 1.5000000000000002 3.5000000000000004 2.9195450544357304 13.500000000000002 0.21814115345478061 0.015120831921347996 2083.5000000000005 2357.5000000000005 0.62228676676750194 1.5196915268898012 0.55672836303710949 0.72815948724746715 6.5000000000000009 277.50000000000006 2.075931310653687 1497.5000000000002 0.017079272101547496 0.089820262872866735 2.5000000000000004
decision_type=2 2 2 2 2 2 2 2 2 2 2 2 2 2 2 2 2 2 2 2 2 2 2 2 2 2 2 2 2 2 2 2 2 2 2 2 2 2 2 2 2 2 2 2 2 2 2 2 2 2 2 2 2 2 2 2 2 2 2 2 2 2
left_child=1 3 41 4 5 18 13 25 9 -4 22 32 24 58 16 28 -5 -15 -1 20 21 -9 -11 29 -8 26 27 -6 -16 30 -17 -31 35 -27 -35 36 37 38 -3 -24 -14 42 43 -2 57 -46 -41 49 -49 -25 -13 -52 -39 60 55 -55 -37 -45 -7 -20 61 -34
right_child=2 11 8 14 7 6 12 19 -10 10 -12 50 40 17 15 23 -18 -19 59 -21 -22 -23 39 47 -26 33 -28 -29 -30 31 -32 -33 53 34 -36 56 -38 52 -40 46 -42 -43 -44 44 45 -47 -48 48 -50 -51 51 -53 -54 54 -56 -57 -58 -59 -60 -61 -62 -63
leaf_value=0.001955676524004558 -0.00047102493014261702 0.0029566431077706224 -0.0011455175278185267 -0.00071071162871563461 -0.0015650902204971046 0.010320098121445822 0.015215776826833619 0.0023454181763777355 -0.0011662419083130287 0.0002621757402783702 -0.00049566483180960876 -5.4385223029210384e-05 0.00069972425097498438 0.00040362764180862344 0.013717318813523975 0.0032084891067511835 0.0011269795207281151 0.010943735956118026 -0.0030169382762954746 0.0018473616917757266 -0.0027924832314571027 0.0076089015843310223 0.0011017745781712986 0.0020616587387324407 0.0053696158876533765 0.0012447248832044252 0.008963603595111086 0.0061247013137722267 0.002455627428951548 -0.00066434256700022743 0.0013707248222210068 0.0010571356625026255 0.00056377845813500554 0.0065561395105745773 0.0018410071999715391 0.0012054834922199137 0.0005004483578337544 0.011408858237542823 -0.0008738913296845942 0.0055622052643550281 0.0051340473283259759 -0.00076066390543116837 -0.00041855007859050168 -0.00010020765009989717 0.0030302615304909526 0.0070524709588659171 0.0018765344382328732 0.0069945899161031307 0.0023271398029241315 0.0011021109467744511 0.0044664918672776676 -0.0016090138185757713 0.0044478896342118081 0.010035511019386854 0.0016312854932713638 0.0028135510969687361 0.00041700149102214494 0.0022704280204951209 0.016781373373393357 0.0010285345482116473 0.00082539287593740192 0.0094585730853783672
leaf_weight=691 1604 468 3903 712 64 105 30 95 35769 500 2201 4633 68 36 21 535 1936 26 104 250 28 199 274 2872 29 4638 66 38 20 531 6883 3138 33 125 2375 1523 1082 28 95 156 300 6462 13791 474 213 99 136 81 967 1876 82 32 54 43 166 69 8326 192 26 78 554 25
leaf_count=691 1604 468 3903 712 64 105 30 95 35769 500 2201 4633 68 36 21 535 1936 26 104 250 28 199 274 2872 29 4638 66 38 20 531 6883 3138 33 125 2375 1523 1082 28 95 156 300 6462 13791 474 213 99 136 81 967 1876 82 32 54 43 166 69 8326 192 26 78 554 25
internal_value=8.33417e-08 0.00120114 -0.000842669 0.00158946 0.00203031 0.0034715 0.00654809 0.00175651 -0.00106455 -0.000556521 0.000145621 0.000547904 0.0051923 0.00951755 0.00137812 0.00149472 0.000630961 0.00491469 0.0012803 0.00371707 0.00515217 0.00592649 0.00147431 0.00147769 0.010478 0.00160228 0.00431602 0.00125396 0.00836481 0.00127367 0.00150398 0.000806619 0.000751883 0.00153765 0.00207902 0.000667904 0.00139752 0.00289431 0.00230136 0.00253604 0.00432866 -0.000425224 -0.000292525 0.000378652 0.00177721 0.00432441 0.00386394 0.00186708 0.00269329 0.00168361 1.1181e-05 0.00271735 0.00689671 0.00183836 0.00326467 0.00563735 0.000539447 0.000575951 0.0116524 -0.00125609 0.00118187 0.00449348
internal_weight=111930 46156 65774 28943 9371 1493 620 7878 42939 7170 3267 17213 427 193 19572 16924 2648 62 873 572 322 294 1066 16883 59 7306 168 102 41 11087 7418 3669 12466 7138 2500 11576 1727 645 563 566 368 22835 16373 2582 978 312 292 5796 1048 4748 4747 114 82 890 278 112 9849 666 131 182 612 58
internal_count=111930 46156 65774 28943 9371 1493 620 7878 42939 7170 3267 17213 427 193 19572 16924 2648 62 873 572 322 294 1066 16883 59 7306 168 102 41 11087 7418 3669 12466 7138 2500 11576 1727 645 563 566 368 22835 16373 2582 978 312 292 5796 1048 4748 4747 114 82 890 278 112 9849 666 131 182 612 58
is_linear=0
shrinkage=0.05


Tree=3
num_leaves=63
num_cat=0
split_feature=14 14 12 8 0 22 14 2 2 9 14 14 12 0 9 2 11 0 3 14 14 12 12 9 0 2 14 11 9 10 21 11 3 22 2 2 14 0 14 9 12 12 14 10 0 0 25 12 11 20 14 0 14 3 12 21 12 0 2 20 14 21
split_gain=40.4495 4.38481 1.35855 1.03292 0.996056 0.832723 0.801629 0.793319 1.05106 1.10674 0.604059 0.732402 0.546023 1.27131 0.850781 0.524018 0.595673 0.51713 0.511684 0.485873 0.446402 0.660108 0.656988 0.536496 0.542973 0.428518 0.373923 0.666044 0.585816 1.40907 0.580942 0.398044 0.484332 0.372616 0.362753 0.919253 0.878123 0.388558 0.58932 0.350971 0.333959 0.385249 0.307083 0.488714 0.384368 0.29803 0.291331 0.285021 0.274777 0.271967 0.448654 0.269475 0.262498 0.256406 0.247453 0.227762 0.445291 0.301966 0.211485 0.269051 0.191413 0.200536
threshold=0.16447026183457605 1.0914315569487985 1207.0000000000002 -0.8783796973249266 1685.5000000000002 1.0000000180025095e-35 0.37323383084577122 2.5000000000000004 1.5000000000000002 -0.56174490092936669 0.077849927849927864 0.15925559947299081 579.00000000000011 1813.5000000000002 1.0000000180025095e-35 1.5000000000000002 -0.24999999999999994 2374.5000000000005 3.5000000000000004 0.067041198501872665 0.091431556948798343 971.00000000000011 1121.5000000000002 -0.56174490092936669 1714.5000000000002 3.5000000000000004 0.026144907723855096 -0.68301270189221952 -0.56174490092936669 0.68301270189221941 0.10714286193251611 -0.9330127018922193 2.5000000000000004 4.4500000476837167 2.5000000000000004 1.5000000000000002 0.032876959106467311 1.0000000180025095e-35 0.031414473684210534 -0.56174490092936669 1187.0000000000002 1457.5000000000002 0.061792032582410596 -0.6830127018922193 486.50000000000006 2319.5000000000005 0.81825372576713573 1353.5000000000002 -0.68301270189221952 8.2142858505249041 8.7278338945005629 4.5000000000000009 0.052911534154535277 4.5000000000000009 1301.5000000000002 1.0000000180025095e-35 1194.5000000000002 2103.5000000000005 2.5000000000000004 0.78571429848670971 0.13608305274971944 0.32142858207225805
decision_type=2 2 2 2 2 2 2 2 2 2 2 2 2 2 2 2 2 2 2 2 2 2 2 2 2 2 2 2 2 2 2 2 2 2 2 2 2 2 2 2 2 2 2 2 2 2 2 2 2 2 2 2 2 2 2 2 2 2 2 2 2 2
left_child=2 6 12 -4 5 42 40 8 -3 18 15 60 13 14 -1 -6 47 -18 -10 26 21 -21 -23 24 -22 -24 27 55 29 -29 31 32 -28 -9 35 -7 -37 38 -36 -33 -2 -42 51 -44 -45 -30 -43 -17 -39 -20 -51 -5 -53 -11 -8 56 -14 -57 59 -48 -12 -62
right_child=1 7 3 4 10 34 54 33 9 53 11 -13 19 -15 -16 16 17 -19 49 20 23 22 25 -25 -26 -27 30 28 45 -31 -32 39 -34 -35 37 36 -38 48 -40 -41 41 46 43 44 -46 -47 58 -49 -50 50 -52 52 -54 -55 -56 57 -58 -59 -60 -61 61 -63
leaf_value=0.0049492595277947533 0.0058042280889792804 -0.0010585114985975296 0.00031096159064862393 0.006298468210750429 0.00070635403582623062 0.0007821054672752742 0.0039628514016157362 -0.00089230693234473152 0.00025508419024084509 -3.505464808133852e-05 0.00075966897425606094 0.0076579217501536942 0.0011863328133884365 -0.0017367266838052933 0.018056482450786608 0.00056104797495112998 0.0026690952325627748 0.0079165235814276144 0.0012156401165903132 0.011914561715911163 0.0095085098410742433 -0.0013233282669037217 -0.0004497998018762958 -0.00017641910312413958 -0.00011118148570452934 0.0073788257939275863 0.0062137167288502625 0.0026241407573560044 0.0019126733728996586 0.0083903803662830553 0.0071378699588973762 0.0017367709962549218 0.00076369687812170221 -0.001212404182549311 0.00032303110030198015 0.0065040202093640913 0.0020834110240572491 0.0010861012714165313 0.011583682930017535 -0.00061415449333081273 -0.00053775989611810784 0.00053198854560750281 0.008041857821388108 0.0040797860290192394 0.0014332857081915482 0.0044198405612216824 5.8270176369503545e-05 0.0019072993782100599 0.00061878973705602799 0.0062588338921497847 0.0021496617484016356 0.0014866155459073692 -0.00026890910805919723 -0.0010913578906483451 -0.00041701403546721635 0.00061881940718789739 0.004944535062925237 -0.0038888957246394581 -0.00019151010623706102 0.0024386837101978229 -0.0021384463798741669 0.002218440850476349
leaf_weight=30 26 4195 3162 29 725 1418 32 15304 512 1342 994 37 1291 32 23 474 2127 49 268 33 36 41 20 111 23 94 65 566 2175 132 36 232 116 23057 28 144 544 5018 21 500 1761 4841 39 200 471 129 354 2675 8697 98 227 5836 216 1018 16238 188 85 46 3417 182 117 33
leaf_count=30 26 4195 3162 29 725 1418 32 15304 512 1342 994 37 1291 32 23 474 2127 49 268 33 36 41 20 111 23 94 65 566 2175 132 36 232 116 23057 28 144 544 5018 21 500 1761 4841 39 200 471 129 354 2675 8697 98 227 5836 216 1018 16238 188 85 46 3417 182 117 33
internal_value=1.59405e-07 -0.000695666 0.00129851 0.00117246 0.00126342 0.00109979 -0.00018767 -0.000991947 -0.000526103 0.000117042 0.0017755 0.000734327 0.00199162 0.00599681 0.0107548 0.0019779 0.00215007 0.00278991 0.00142405 0.00193315 0.00373186 0.00542419 0.00400334 0.00182886 0.00568002 0.00596237 0.00181639 0.00200328 0.00244487 0.00372281 0.000902772 0.000650689 0.00275085 -0.00108484 0.000900766 0.00151461 0.00301673 0.00080647 0.00526462 0.000124253 0.000150756 0.000136301 0.00156414 0.00255742 0.00223005 0.0020554 0.000271855 0.00170627 0.000790139 0.00242471 0.00340566 0.00144731 0.00142313 -0.000492843 -0.000408068 0.00117668 0.00142247 -0.000247237 -4.54558e-05 0.000876176 0.00050538 -0.00114578
internal_weight=111930 72872 39058 33054 29892 22661 26851 46021 7660 3465 7231 1181 6004 85 53 6050 5325 2176 1105 5919 358 188 155 170 59 114 5561 4612 3002 698 949 913 181 38361 15870 2106 688 13764 49 732 10581 10555 6791 710 671 2304 8794 3149 13715 593 325 6081 6052 2360 16270 1610 1376 234 3953 536 1144 150
internal_count=111930 72872 39058 33054 29892 22661 26851 46021 7660 3465 7231 1181 6004 85 53 6050 5325 2176 1105 5919 358 188 155 170 59 114 5561 4612 3002 698 949 913 181 38361 15870 2106 688 13764 49 732 10581 10555 6791 710 671 2304 8794 3149 13715 593 325 6081 6052 2360 16270 1610 1376 234 3953 536 1144 150
is_linear=0
shrinkage=0.05


Tree=4
num_leaves=63
num_cat=0
split_feature=13 13 14 9 10 11 12 0 0 0 3 12 13 10 12 13 0 8 12 21 14 0 0 13 10 12 0 14 0 0 12 12 13 12 14 12 10 24 24 11 14 21 13 13 22 19 0 24 12 14 12 22 12 11 10 14 12 13 13 12 14 12
split_gain=37.0043 3.85873 2.09062 0.915132 1.74291 2.93709 0.838343 0.6697 0.668611 0.651427 0.649925 0.639719 0.794143 0.608315 0.60147 1.0801 0.587584 0.54408 0.612343 0.488072 0.455073 0.431127 0.424425 0.591392 0.404872 0.853384 0.400397 0.394183 0.383418 0.37969 0.435628 0.373525 0.371069 0.351082 0.341513 0.339771 0.74964 0.319508 0.388892 0.538151 0.384188 0.35645 0.349035 0.314885 0.308929 0.307408 0.305415 0.31706 0.290077 0.286087 0.313455 0.275927 0.273527 0.251044 0.747918 0.709884 0.399846 0.36495 0.454864 0.292498 0.253179 0.251147
threshold=0.29882004872955109 0.077444912296848537 1.5026315789473685 -0.56174490092936669 0.68301270189221941 0.25000000000000017 1386.5000000000002 370.50000000000006 2237.5000000000005 1777.0000000000002 4.5000000000000009 1412.5000000000002 0.024125746672310804 -0.6830127018922193 1267.0000000000002 0.012386640729883013 2083.5000000000005 -0.8783796973249266 579.00000000000011 1.0000000180025095e-35 0.032876959106467311 1585.5000000000002 1134.5000000000002 0.006505828615769889 0.93301270189221952 1465.5000000000002 2326.5000000000005 0.2466642946095001 1516.5000000000002 531.50000000000011 1341.5000000000002 1411.5000000000002 0.16368380311765965 1471.5000000000002 0.013606071825249909 793.50000000000011 -0.5 0.55672836303710949 0.72815948724746715 0.25000000000000017 0.091431556948798343 0.46428571641445165 0.098851343711130385 0.021216140181657427 0.84999999403953563 1.0000000180025095e-35 2357.5000000000005 0.62228676676750194 1139.5000000000002 0.05486978774650008 1414.5000000000002 0.21666666865348819 1116.5000000000002 0.25000000000000017 -0.24999999999999994 0.042403356308061142 1418.5000000000002 0.0097166055608881082 0.0076093879678060658 1052.5000000000002 0.011834733893557424 1347.5000000000002
decision_type=2 2 2 2 2 2 2 2 2 2 2 2 2 2 2 2 2 2 2 2 2 2 2 2 2 2 2 2 2 2 2 2 2 2 2 2 2 2 2 2 2 2 2 2 2 2 2 2 2 2 2 2 2 2 2 2 2 2 2 2 2 2
left_child=1 3 44 4 8 14 9 19 33 20 26 12 13 -10 15 48 -11 53 28 -8 -7 22 23 -20 -23 -26 32 37 -19 34 -31 -9 -3 35 -16 36 -1 40 39 -39 -28 -40 -42 -17 -2 -37 -12 51 -6 50 -13 -48 -24 57 55 61 -57 58 59 -5 -60 -55
right_child=2 10 -4 17 5 6 7 31 11 16 46 49 -14 -15 29 43 -18 18 21 -21 -22 24 52 -25 25 -27 27 -29 -30 30 -32 -33 -34 -35 -36 45 -38 38 41 -41 42 -43 -44 -45 -46 -47 47 -49 -50 -51 -52 -53 -54 54 -56 56 -58 -59 60 -61 -62 -63
leaf_value=0.011069124560687961 -0.00022141990915014459 0.00086792134979906267 -0.0009775649865771919 0.0062247903906254183 0.0067039257258325064 0.012187101017584722 0.014339495983370813 0.00053568694045802749 0.011498384281732792 0.00015946981442932278 -6.8559814653084282e-05 -0.0032554595275616745 -0.0029997457892657173 0.0046703872671592025 0.0047200848317541779 -0.0015727857371124123 0.010159740791124403 0.01222933728548023 0.0029742331801087133 0.0048691207805450021 0.0039148938568199379 0.0015863668418794954 -0.00056802817017628652 0.001240543196130602 0.0023865966021118495 0.010235957624141463 0.0029057293294587508 0.0052233219658578888 0.0021875231790898452 -0.0044480915807744359 0.0019049492244081622 0.0047268151476146311 0.00029865456244623133 0.0060152611190302753 -0.0020355971474681663 0.0013048845544568956 0.00072815063747630763 0.0072642526167794293 -0.0015833971739662501 -0.0014060416053202291 0.0028019216528860583 0.0033419532642413059 -0.00078278729197814041 0.0044516806946656813 -0.00057872395483533001 0.0032497126351413615 0.0023913223787977583 -0.0015548226574430028 0.015911277776482095 -0.0022151999348415849 0.002797948571909905 0.0092293828185014606 0.00085132316065672823 0.0041477611706362541 -0.00079191740658566341 0.0092861757821338202 0.0014968076316487324 0.00062963197399452399 0.0038953195186572317 0.00034218524663261245 0.010375203398657051 -0.00059884170692880892
leaf_weight=29 12649 6172 41416 25 20 109 30 68 40 36 4633 23 28 220 21 42 26 21 535 29 22 5509 374 6883 246 41 148 74 20 28 499 300 5404 42 147 7037 47 78 63 22 85 85 335 43 11709 213 61 32 20 43 209 21 3295 36 775 47 28 1389 58 149 23 118
leaf_count=29 12649 6172 41416 25 20 109 30 68 40 36 4633 23 28 220 21 42 26 21 535 29 22 5509 374 6883 246 41 148 74 20 28 499 300 5404 42 147 7037 47 78 63 22 85 85 335 43 11709 213 61 32 20 43 209 21 3295 36 775 47 28 1389 58 149 23 118
internal_value=2.21449e-07 0.00108553 -0.000761303 0.00143818 0.00184561 0.00344873 0.006048 0.00478414 0.00155387 0.00881439 0.000492266 0.00322166 0.00487589 0.00574409 0.00147683 0.00467801 0.00444325 0.00124284 0.00134734 0.00978528 0.0108401 0.00133213 0.001148 0.00136629 0.00168346 0.00352852 0.000681859 0.00170685 0.00746979 0.000893291 0.00155714 0.00396631 0.000602609 0.00142571 -0.00115909 0.00139863 0.00474911 0.00138123 0.00288494 0.00530734 0.00071549 0.00121194 -4.49143e-05 0.00141778 -0.000393385 0.00136276 -4.57216e-06 0.00254987 0.0114605 0.00146992 0.00217514 0.00421254 0.000705267 0.000573054 -4.51798e-05 0.00245941 0.00645059 0.000953634 0.00269795 0.0012192 0.00580746 0.000480279
internal_weight=111930 46156 65774 28943 9371 1440 620 427 7931 193 17213 563 288 260 820 125 62 19572 16924 59 131 16883 11087 7418 5796 287 12466 890 41 695 527 368 11576 7368 168 7326 76 816 248 100 568 148 420 85 24358 7250 4747 114 40 275 232 82 3669 2648 1004 229 75 1644 255 174 81 154
internal_count=111930 46156 65774 28943 9371 1440 620 427 7931 193 17213 563 288 260 820 125 62 19572 16924 59 131 16883 11087 7418 5796 287 12466 890 41 695 527 368 11576 7368 168 7326 76 816 248 100 568 148 420 85 24358 7250 4747 114 40 275 232 82 3669 2648 1004 229 75 1644 255 174 81 154
is_linear=0
shrinkage=0.05


Tree=5
num_leaves=63
num_cat=0
split_feature=13 13 14 3 12 0 9 10 2 12 0 2 2 9 14 13 12 13 12 13 0 19 2 15 18 9 14 0 14 12 0 14 14 14 13 12 13 2 23 2 9 2 2 8 23 0 2 0 23 10 0 8 0 24 10 14 24 14 24 12 24 13
split_gain=33.4039 3.49561 1.88657 0.827925 0.730745 0.833084 0.698162 1.72315 2.09411 0.763123 0.728389 0.661021 0.870008 0.82496 0.648051 0.532364 0.499976 0.655983 0.469323 0.969244 0.437245 0.434892 0.459294 0.433773 0.483258 0.392073 0.54502 0.412903 0.530012 0.364665 0.340075 0.383315 0.485749 0.540009 0.335706 0.473689 0.377188 0.332666 0.755082 0.630558 0.57248 0.32129 0.303261 0.641262 0.3959 0.279237 0.400184 0.311798 0.2701 0.267504 0.26698 0.546997 0.266149 0.313819 0.265279 0.259178 0.238681 0.233455 0.233349 0.228084 0.22702 0.284264
threshold=0.29882004872955109 0.058866845707355113 1.5026315789473685 4.5000000000000009 579.00000000000011 1544.5000000000002 -0.56174490092936669 0.68301270189221941 2.5000000000000004 1386.5000000000002 2237.5000000000005 2.5000000000000004 1.5000000000000002 -0.56174490092936669 0.032876959106467311 0.098851343711130385 1412.5000000000002 0.024125746672310804 1267.0000000000002 0.012386640729883013 370.50000000000006 1.5000000000000002 8.5000000000000018 9.5000000000000018 10.500000000000002 1.0000000180025095e-35 0.042403356308061142 4.5000000000000009 0.043717152412804598 1341.5000000000002 2172.0000000000005 0.2466642946095001 0.084273937856689921 0.064309346567411094 0.015120831921347996 1087.5000000000002 0.04852219165027772 2.5000000000000004 3.1735315322875981 1.5000000000000002 -0.56174490092936669 4.5000000000000009 2.5000000000000004 1.0000000180025095e-35 1.2342761158943178 1350.5000000000002 3.5000000000000004 1209.5000000000002 158.99185943603518 0.93301270189221952 2374.5000000000005 0.6078576107927941 2357.5000000000005 0.62228676676750194 -0.6830127018922193 0.029198635976129584 0.55672836303710949 0.14530791788856309 1.4430533647537234 1414.5000000000002 0.44731126725673681 0.12870554806959988
decision_type=2 2 2 2 2 2 2 2 2 2 2 2 2 2 2 2 2 2 2 2 2 2 2 2 2 2 2 2 2 2 2 2 2 2 2 2 2 2 2 2 2 2 2 2 2 2 2 2 2 2 2 2 2 2 2 2 2 2 2 2 2 2
left_child=1 4 37 15 5 -1 7 10 9 14 21 12 -4 23 -9 54 17 -12 19 -10 -11 22 -6 -14 -25 26 34 28 41 -20 42 32 33 -32 35 -8 -36 38 -2 -40 -41 -27 43 44 -17 47 -47 -28 -26 52 55 -52 -5 60 57 -29 -34 -3 -39 -18 61 -54
right_child=2 3 11 49 6 -7 25 8 18 20 16 -13 13 -15 -16 30 59 -19 29 -21 -22 -23 -24 24 48 27 45 50 -30 -31 31 -33 56 -35 36 -37 -38 58 39 40 -42 -43 -44 -45 -46 46 -48 -49 -50 -51 51 -53 53 -55 -56 -57 -58 -59 -60 -61 -62 -63
leaf_value=0.011108439668381305 -0.00019552913218559405 9.016727254051562e-05 -0.0009941886804071022 5.9525652485232968e-05 0.0010616356839547095 -0.0011679598570463075 0.0030446380846057778 0.0098608925421542794 0.010896518419582647 0.0087649489707384565 0.0054581560761664564 -0.0010181131212288743 0.00021828859685526093 -0.00042256403890962363 0.0023719872516675261 0.0019092524468662525 -0.0030933912246774286 -0.0027424229544469676 -0.0042406059950095077 0.0012612766566228325 0.003659802135937125 0.0080789662542061196 0.0020121016176111325 0.0040058624067389444 0.00031250809821453283 0.0028209950376260761 0.0015900321707767264 0.0014755961419453227 -0.0016193258614022267 0.0013775620822046777 0.00041518881210607443 0.0048741274027711929 -3.1555418270680161e-05 0.0076743702325345739 6.821402755245448e-05 0.00079070302229208118 0.0025869581713235815 -0.00028910466112718342 -0.00084223840149026436 0.0052822037917515862 0.00084457530842017609 0.010361271595112836 0.0003252783323444571 0.00028562430284694018 0.0057940530467601257 0.00051737412111300897 0.0038891123570260313 -0.0016395982390045032 0.0048589596881719399 -0.0010962070725298878 0.0067602730598514101 -0.0016494315846159889 0.0048942254707806379 -0.0020955597985247184 0.001381576316326998 0.00094282643202460653 0.0019401200583849855 0.0046048832392053948 -0.0006286763253233208 0.0020679931587090422 0.0083080332958062868 -0.0018329694521269488
leaf_weight=40 3520 655 3756 4844 4964 20 273 153 40 51 260 34518 482 2135 38 450 23 26 30 79 302 24 1735 234 253 27 706 8706 22 552 50 77 439 56 2347 1700 159 10449 131 164 136 36 7957 872 79 131 293 82 38 500 61 27 41 27 3499 3182 232 30 9958 212 23 24
leaf_count=40 3520 655 3756 4844 4964 20 273 153 40 51 260 34518 482 2135 38 450 23 26 30 79 302 24 1735 234 253 27 706 8706 22 552 50 77 439 56 2347 1700 159 10449 131 164 136 36 7957 872 79 131 293 82 38 500 61 27 41 27 3499 3182 232 30 9958 212 23 24
internal_value=2.82052e-07 0.00103144 -0.000723246 0.000530231 0.00140962 0.00693798 0.00139676 0.00177103 0.00349226 0.00582354 0.00147447 -0.000928687 -0.000480459 0.000132082 0.00839914 0.000729055 0.00328201 0.00469447 0.00167541 0.00454842 0.00441381 0.00133361 0.00130857 0.00131291 0.00230812 0.0012175 0.000872993 0.00137963 0.00487313 0.0010787 0.000533544 0.00149113 0.00114886 0.00430097 0.000616743 0.00110525 0.000230115 -0.000373726 4.50651e-05 0.0020212 0.00328809 0.00721856 0.000445606 0.00112537 0.00249984 0.00181572 0.00285953 0.00124744 0.000924844 4.98966e-06 0.00135438 0.00412433 0.000117048 0.00249439 0.00120503 0.00133342 0.000642894 0.000295834 -0.000455053 0.00154047 0.0039602 0.00233453
internal_weight=111930 46156 65774 19855 26301 60 26241 8489 1245 544 7244 41416 6898 3142 191 14396 521 286 701 119 353 6723 6699 1007 525 17752 5691 12061 85 582 10212 854 777 106 4479 1973 2506 24358 3951 431 300 63 9358 1401 529 1212 424 788 291 5459 11976 88 4959 115 4184 11888 671 685 20407 235 88 65
internal_count=111930 46156 65774 19855 26301 60 26241 8489 1245 544 7244 41416 6898 3142 191 14396 521 286 701 119 353 6723 6699 1007 525 17752 5691 12061 85 582 10212 854 777 106 4479 1973 2506 24358 3951 431 300 63 9358 1401 529 1212 424 788 291 5459 11976 88 4959 115 4184 11888 671 685 20407 235 88 65
is_linear=0
shrinkage=0.05


Tree=6
num_leaves=63
num_cat=0
split_feature=13 14 13 3 12 0 2 2 9 13 9 10 2 14 12 0 0 3 12 13 12 13 19 2 8 2 0 14 10 12 13 20 2 3 24 2 13 2 20 2 14 0 12 10 0 13 21 13 13 18 12 0 20 14 3 12 2 9 3 13 12 2
split_gain=30.2299 3.318 1.32231 0.658987 0.658343 0.753389 0.643247 0.858342 0.906581 0.638619 0.630168 1.55653 1.89041 0.70121 0.780153 0.6567 0.497138 0.458103 0.450689 0.59301 0.424045 0.874126 0.392439 0.414269 0.36452 0.602089 0.388437 0.34725 0.344469 0.329403 0.312789 0.309178 0.342774 0.52862 0.332306 0.328678 0.378998 0.289089 0.681105 0.283913 0.278079 0.674239 0.272284 0.257036 0.253904 0.984799 0.677673 0.414156 0.345951 0.413708 0.249075 0.242626 0.235638 0.4025 0.231048 0.229381 0.229194 0.538984 0.316952 0.222874 0.370699 0.217472
threshold=0.16368380311765965 1.0914315569487985 0.058866845707355113 4.5000000000000009 579.00000000000011 1544.5000000000002 2.5000000000000004 1.5000000000000002 -0.56174490092936669 0.32936974742390485 -0.56174490092936669 0.68301270189221941 2.5000000000000004 0.032876959106467311 1396.5000000000002 2237.5000000000005 1982.5000000000002 3.5000000000000004 1412.5000000000002 0.024125746672310804 1267.0000000000002 0.012386640729883013 1.5000000000000002 8.5000000000000018 -0.8783796973249266 2.5000000000000004 395.50000000000006 0.032876959106467311 0.93301270189221952 1341.5000000000002 3.8244418352932548 0.21428572386503222 2.5000000000000004 3.5000000000000004 0.93907719850540172 1.5000000000000002 0.096040891552983343 2.5000000000000004 2.7857142686843877 1.5000000000000002 0.14093535572408813 2326.5000000000005 1460.5000000000002 -0.93301270189221919 1868.5000000000002 0.033857105906696772 0.17857143282890323 0.014537231844310029 0.040851124345534555 1.0000000180025095e-35 1353.5000000000002 1670.5000000000002 12.642857074737551 12.73205084163518 4.5000000000000009 1052.5000000000002 1.5000000000000002 -0.56174490092936669 3.5000000000000004 0.04852219165027772 1464.5000000000002 4.5000000000000009
decision_type=2 2 2 2 2 2 2 2 2 2 2 2 2 2 2 2 2 2 2 2 2 2 2 2 2 2 2 2 2 2 2 2 2 2 2 2 2 2 2 2 2 2 2 2 2 2 2 2 2 2 2 2 2 2 2 2 2 2 2 2 2 2
left_child=2 9 4 31 5 -1 7 -3 17 42 11 15 13 14 -13 22 -15 -9 19 -17 21 -14 23 -6 25 59 27 -27 -5 -22 -8 -4 33 -33 40 -35 -37 38 56 -40 50 -42 -2 -39 48 47 -47 -46 49 -26 -34 -50 -19 -54 -10 -28 -11 58 -58 -12 -61 -20
right_child=1 6 3 28 10 -7 30 8 54 37 24 12 20 16 -16 18 -18 52 61 -21 29 -23 -24 -25 44 26 55 -29 -30 -31 -32 32 34 35 -36 36 -38 43 39 -41 41 -43 -44 -45 45 46 -48 -49 51 -51 -52 -53 53 -55 -56 -57 57 -59 -60 60 -62 -63
leaf_value=0.010554402594703095 -0.00032587985456634119 -0.00091338603056545758 0.00074270802163390085 0.00025214127052442539 0.0010085549965646353 -0.001109852371227682 -0.00075591807757731172 0.00022527944599077087 2.4416198817438226e-05 -0.00040620194665735398 -0.0010079778726312112 0.0093649761319291574 0.010353051211471273 0.00083810827258092458 0.0047809194831284103 0.0051853533168221286 0.0080614531933782194 0.0013345621521818174 -0.0028566633681377089 -0.0026058271998304059 -0.0040292801155996476 0.0011982925471704922 0.0076766940041834535 0.0019115023125907951 0.0012127975642740958 0.0014925824736303495 0.0030644724458080263 0.0058097199408359513 -0.0015933580598835664 0.0013086965119886555 -0.0010502929818516796 0.0013638326858329665 0.0052303678874659077 0.001137171010077109 -0.00032740655559043659 0.01217597850436874 0.0048295094329965631 0.00036097785963367865 -0.00083712311252716473 0.0044577401157039126 0.002048392103382873 0.010437838978694318 0.00032612139599123093 -0.00046947689109758995 0.0018531107444592751 0.0044053744162751334 -0.0026630075756780328 0.00071359117292180542 0.00064994983790178879 0.0044631535903300419 0.00098550360710476423 -0.0016069154907237774 0.0061809484597409696 0.0020011167739943433 -0.00097096798531062138 0.00060332715519384841 0.0003267632569470912 -0.00027189929047967165 0.0033520197773488909 -0.0023700573971556825 0.0062821734857992379 0.0020014418116187779
leaf_weight=40 2054 4195 6261 2964 4964 20 14991 512 1342 1762 590 159 40 111 243 260 31 321 25 26 30 79 24 1735 9836 132 103 76 276 552 23370 215 36 34 311 27 63 989 30 122 359 26 7177 14453 1674 409 36 1560 1674 100 1369 127 88 184 1018 1386 154 716 210 21 28 210
leaf_count=40 2054 4195 6261 2964 4964 20 14991 512 1342 1762 590 159 40 111 243 260 31 321 25 26 30 79 24 1735 9836 132 103 76 276 552 23370 215 36 34 311 27 63 989 30 122 359 26 7177 14453 1674 409 36 1560 1674 100 1369 127 88 184 1018 1386 154 716 210 21 28 210
internal_value=3.3207e-07 -0.000591576 0.001141 0.000703761 0.00133932 0.00658775 -0.000851744 -0.000432198 0.000148933 -0.000158633 0.0013271 0.00168274 0.00331879 0.00553397 0.00660833 0.00140083 0.00245479 0.00133186 0.00311744 0.00445892 0.00159206 0.00432361 0.00126701 0.00124318 0.00115675 0.000570704 0.00106447 0.00309606 9.33446e-05 0.00102431 -0.000935388 0.000930484 0.00141022 0.00289546 0.00116806 0.00550756 0.00710001 -0.00032871 0.000119646 0.00337996 0.00143069 0.0026305 0.0001805 -0.000415964 0.00124522 0.0016109 0.00382185 0.00130502 0.00113016 0.00124606 0.00109819 0.000487947 0.00227866 0.00337357 -0.000402853 0.000777126 -5.30812e-05 0.000518384 0.00208628 -0.000732729 0.00247497 0.00146236
internal_weight=111930 73688 38242 11941 26301 60 46021 7660 3465 27667 26241 8489 1245 544 402 7244 142 1105 521 286 701 119 6723 6699 17752 2336 1697 208 3240 582 38361 8701 2440 339 2101 124 90 18436 2994 152 1790 385 9231 15442 15416 3679 445 3234 11737 9936 1405 1801 593 272 2360 1489 2842 1080 364 639 49 235
internal_count=111930 73688 38242 11941 26301 60 46021 7660 3465 27667 26241 8489 1245 544 402 7244 142 1105 521 286 701 119 6723 6699 17752 2336 1697 208 3240 582 38361 8701 2440 339 2101 124 90 18436 2994 152 1790 385 9231 15442 15416 3679 445 3234 11737 9936 1405 1801 593 272 2360 1489 2842 1080 364 639 49 235
is_linear=0
shrinkage=0.05


Tree=7
num_leaves=63
num_cat=0
split_feature=14 22 25 9 10 2 14 0 0 16 14 3 2 0 14 9 2 2 2 9 14 14 0 2 2 2 20 0 14 3 0 0 3 14 24 22 14 0 3 20 2 0 14 22 2 14 0 15 3 24 0 22 24 0 0 0 0 10 0 16 3 19
split_gain=26.9933 2.98951 0.856642 0.857356 1.50779 2.06702 0.64682 0.611287 0.582462 0.835145 0.571886 0.454186 0.411346 0.826691 0.611894 0.41033 0.437494 0.402879 0.586615 0.493433 0.396087 0.418941 0.357302 0.340665 0.332866 0.832462 0.754279 0.389979 0.522002 0.322762 0.319121 0.336713 0.313137 0.307462 0.29158 0.290895 0.396143 0.288986 0.286805 0.279364 0.374206 0.278622 0.45009 0.266978 0.330945 0.254621 0.263963 0.241307 0.237268 0.230869 0.224649 0.444709 0.224567 0.208848 0.398284 0.470689 0.326651 0.297458 0.332946 0.208103 0.224605 0.206143
threshold=0.16447026183457605 0.84999999403953563 0.32543723285198217 -0.56174490092936669 0.68301270189221941 2.5000000000000004 0.13608305274971944 429.50000000000006 2237.5000000000005 1.0000000180025095e-35 2.8143593519882186 4.5000000000000009 7.5000000000000009 1350.5000000000002 0.097693531283138943 -0.22252093395631442 2.5000000000000004 2.5000000000000004 1.5000000000000002 -0.56174490092936669 0.11558704453441297 0.031414473684210534 2363.5000000000005 4.5000000000000009 2.5000000000000004 1.5000000000000002 0.92857143282890331 1965.5000000000002 0.25362623502207277 3.5000000000000004 1997.5000000000002 1965.5000000000002 3.5000000000000004 0.15925559947299081 0.31519888341426855 1.0000000180025095e-35 0.016530054644808747 2043.5000000000002 3.5000000000000004 10.071428775787355 2.5000000000000004 156.50000000000003 0.050316455696202543 0.15000000596046451 5.5000000000000009 0.014389233954451347 688.00000000000011 8.5000000000000018 2.5000000000000004 1.3475624918937685 2347.0000000000005 0.28333334624767309 2.5397922992706303 1661.5000000000002 1146.5000000000002 1046.5000000000002 1350.5000000000002 0.93301270189221952 1764.5000000000002 1.0000000180025095e-35 2.5000000000000004 1.0000000180025095e-35
decision_type=2 2 2 2 2 2 2 2 2 2 2 2 2 2 2 2 2 2 2 2 2 2 2 2 2 2 2 2 2 2 2 2 2 2 2 2 2 2 2 2 2 2 2 2 2 2 2 2 2 2 2 2 2 2 2 2 2 2 2 2 2 2
left_child=2 11 3 4 8 7 15 35 12 23 39 24 30 14 -14 16 -5 18 -12 29 21 -9 41 -10 25 -2 32 49 59 -20 31 -1 -27 -8 -32 36 -6 -15 -28 -3 -41 42 -4 48 -45 46 -7 -31 -24 -26 51 -30 61 54 55 -17 -56 58 -55 -29 -61 -43
right_child=1 10 22 6 5 45 33 20 9 -11 17 -13 13 37 -16 53 -18 -19 19 -21 -22 -23 43 -25 27 26 38 28 50 47 34 -33 -34 -35 -36 -37 -38 -39 -40 40 -42 52 -44 44 -46 -47 -48 -49 -50 -51 -52 -53 -54 57 56 -57 -58 -59 -60 60 -62 -63
leaf_value=0.00098823697819178428 -5.6387993772350022e-05 -0.0005784142513759529 0.004228409666740417 -0.00055874205417307757 0.016316964694732927 0.0059682314787915134 -0.0017819616516315852 0.0053649958991997052 -0.00056578146012385992 0.01179229695483508 -0.00099067491574527408 -0.00040256348008981674 0.00070750605128417493 0.0031947964630544314 0.0044095878380879111 0.0011229876115966991 0.00087720979110587384 -0.0009800357545545538 3.4741787051479994e-06 -0.00041066702860516709 0.011123137898517379 0.0023276899023955389 0.0046123207048261805 0.0028885557920320533 6.6975248191961139e-05 0.00024620701310981388 0.0027249668905410447 -0.00045857834298867258 0.011707351019956529 0.00047290550731001618 -0.00047738016791822258 0.0043270959982722431 0.0026452401785090748 0.0025438197253340156 0.005253500159168656 0.005669934729959223 0.007048638791148293 0.0011979777465941049 0.006418822935897967 0.0041574265789254142 -0.00061890766393862557 0.00061953572096196672 0.0010003818921882899 0.0090368612728159974 0.0023831665912739603 0.00068805727154709574 0.0017873280447185985 0.0030222960583856885 -0.0016018156197891908 -0.00049066888266060041 0.00072361769119357044 0.0024310680749259385 0.005873562265604512 0.0021684771202981029 5.534892350333572e-05 0.0026572333351948174 0.00099706643086772779 0.0031334859626394617 0.0011268961879265255 0 0.0071795907930881494 -0.00028271781186861138
leaf_weight=3663 1533 20568 132 738 25 50 287 325 80 25 2847 6355 1552 847 121 6750 1857 26536 357 1708 23 186 24 519 8922 447 128 141 27 154 524 78 199 47 23 42 27 242 99 73 90 9002 640 32 52 503 183 255 41 2341 21 28 20 959 1594 546 2219 242 4165 22 21 673
leaf_count=3663 1533 20568 132 738 25 50 287 325 80 25 2847 6355 1552 847 121 6750 1857 26536 357 1708 23 186 24 519 8922 447 128 141 27 154 524 78 199 47 23 42 27 242 99 73 90 9002 640 32 52 503 183 255 41 2341 21 28 20 959 1594 546 2219 242 4165 22 21 673
internal_value=3.74719e-07 -0.00056804 0.00106101 0.0012043 0.00160749 0.003142 0.00101624 0.00525166 0.00133406 0.00280423 -0.000766941 -5.21233e-05 0.00120319 0.00168114 0.000978496 0.00105458 0.000466903 -0.000900215 -0.000501195 6.00795e-05 0.00457646 0.00426989 0.000676649 0.00241885 0.000107405 0.000642314 0.00187484 -3.85447e-06 0.00190976 0.00111618 0.00089413 0.0010593 0.000993262 -0.0011577 -0.000226355 0.00902527 0.0116233 0.0027558 0.00436008 -0.000561897 0.00149077 0.000641419 0.00155928 0.00311582 0.00498509 0.00133464 0.00270814 0.00207495 0.00061939 -4.84898e-05 0.00539882 0.00708861 0.000567801 0.00114684 0.00102143 0.00123852 0.000604711 0.0014055 0.00132285 0.000439322 0.00349384 0.000556255
internal_weight=111930 72872 39058 28442 9038 1364 19404 628 7674 624 52588 20284 7050 2762 1673 19070 2595 31857 5321 2474 534 511 10616 599 13929 2406 873 11523 260 766 4288 3741 646 334 547 94 52 1089 227 20731 163 10467 772 149 84 736 233 409 65 11263 76 55 9695 16475 11109 7296 3813 5366 5124 184 43 9675
internal_count=111930 72872 39058 28442 9038 1364 19404 628 7674 624 52588 20284 7050 2762 1673 19070 2595 31857 5321 2474 534 511 10616 599 13929 2406 873 11523 260 766 4288 3741 646 334 547 94 52 1089 227 20731 163 10467 772 149 84 736 233 409 65 11263 76 55 9695 16475 11109 7296 3813 5366 5124 184 43 9675
is_linear=0
shrinkage=0.05


Tree=8
num_leaves=63
num_cat=0
split_feature=13 22 13 12 0 4 9 10 2 12 0 0 2 2 9 8 22 12 10 12 13 0 4 19 2 9 0 10 12 20 0 10 2 12 13 2 12 10 2 25 0 2 2 8 23 0 23 8 2 15 23 18 20 0 0 25 8 10 0 2 13 0
split_gain=24.7499 2.75307 1.10613 0.594795 0.682988 0.564191 0.519244 1.27579 1.54535 0.59768 0.540195 0.514417 0.513445 0.950379 1.04617 0.549912 0.514129 0.408436 0.576289 0.378991 0.889369 0.377732 0.367162 0.357321 0.352444 0.31314 0.368006 0.309495 0.298441 0.292538 0.311417 0.331858 0.262649 0.507473 0.66538 0.320116 0.370242 0.259034 0.588907 0.249877 0.373612 0.249609 0.702898 1.03822 0.337985 0.333173 0.318295 0.297781 0.46859 0.267454 0.243508 0.356806 0.237946 0.366398 0.258128 0.222131 0.220359 0.224658 0.220853 0.239844 0.219486 0.217909
threshold=0.16368380311765965 0.84999999403953563 0.058866845707355113 579.00000000000011 1544.5000000000002 1.0000000180025095e-35 -0.56174490092936669 0.68301270189221941 2.5000000000000004 1386.5000000000002 2237.5000000000005 1777.0000000000002 2.5000000000000004 1.5000000000000002 -0.56174490092936669 1.0000000180025095e-35 2.5833332538604741 1412.5000000000002 -0.6830127018922193 1397.5000000000002 0.011773369141471023 370.50000000000006 1.0000000180025095e-35 1.5000000000000002 8.5000000000000018 1.0000000180025095e-35 4.5000000000000009 0.93301270189221952 1450.5000000000002 0.21428572386503222 555.50000000000011 0.68301270189221941 2.5000000000000004 1027.0000000000002 0.0139599844095102 1.5000000000000002 1116.5000000000002 -0.24999999999999994 3.5000000000000004 0.69685250520706188 71.500000000000014 2.5000000000000004 1.5000000000000002 -1.0000000180025095e-35 1.8771384358406069 2326.5000000000005 0.55593636631965648 0.6078576107927941 4.5000000000000009 1.0000000180025095e-35 3.5016986131668095 1.0000000180025095e-35 1.0000000180025095e-35 2367.5000000000005 1701.5000000000002 0.69685250520706188 -1.0000000180025095e-35 -0.93301270189221919 2126.5000000000005 6.5000000000000009 0.29882004872955109 2363.5000000000005
decision_type=2 2 2 2 2 2 2 2 2 2 2 2 2 2 2 2 2 2 2 2 2 2 2 2 2 2 2 2 2 2 2 2 2 2 2 2 2 2 2 2 2 2 2 2 2 2 2 2 2 2 2 2 2 2 2 2 2 2 2 2 2 2
left_child=2 22 3 4 -1 29 7 10 9 11 23 -9 13 -3 15 50 -14 18 -12 20 -10 -11 41 24 -5 32 37 -7 -21 -4 31 -31 35 34 -34 36 -8 -27 -39 40 -33 42 -2 46 -45 49 -44 48 -47 60 -15 -52 53 -28 -54 61 58 -58 -32 -60 -43 -24
right_child=1 12 5 6 -6 27 25 8 19 21 17 -13 16 14 -16 -17 -18 -19 -20 28 -22 -23 55 -25 -26 26 52 -29 -30 30 56 39 33 -35 -36 -37 -38 38 -40 -41 -42 45 43 44 -46 47 -48 -49 -50 -51 51 -53 54 -55 -56 -57 57 -59 59 -61 -62 -63
leaf_value=0.0099808206972189992 -9.3394816166221799e-05 -0.00085844818926432962 0.00065973451445837676 0.00090912403910270586 -0.001116925029464029 0.00021829857649591856 -0.0027690569412503717 0.009091983508529123 0.0071760325074265918 0.0078011851949132474 0.0095670003806751867 0.0033639177475764791 -0.00055584032940811216 0.00059535039231832054 -0.00036791775635061419 0.00026396654417675094 -0.00091728136792920537 0.0012514739518772033 0.0031396655803061766 -0.00033547431395117359 0.0007399364680293418 0.0030581323270251599 -7.6953867449019845e-06 0.0072643570400990889 0.001742287915984784 0.00075481605956858938 0.0012300307171264789 -0.0015311888083738836 0.0022900639051446278 0.0016556138075430934 0.0014958428404017719 -0.0004553644315267806 0.005396518803638361 0.00079677691029255814 2.2411185043148189e-05 -0.00070219335288918396 0.0011905741740087343 0 0.010738760809163674 0 0.0068703064708179745 0.00010053612333607582 0.0018239807309348285 -0.0001042498168208203 0.002959810954796032 0.0093281076557334818 0.0051385869376487179 -0.0004277901059713228 0.0018607365981888604 0.00030396838841460197 0.0045287454886557849 0.0018019288272266996 0.00025108697967633206 0.0041117281614284828 0.0015953840941935627 -0.00058905136436708657 0.0027327213314009748 0.00042715597170483901 0.0083446200754892126 0.0014114844746805205 -0.00041529599917106402 0.0039666544516674344
leaf_weight=40 1669 4462 6261 4964 20 2964 64 130 85 51 42 61 14908 155 2510 581 29471 235 244 297 151 302 1855 24 1735 32 10076 276 168 546 366 20 140 4094 101 622 670 20 33 26 90 3463 122 522 108 26 202 88 125 3702 206 311 1286 113 501 4116 117 1221 27 27 5051 35
leaf_count=40 1669 4462 6261 4964 20 2964 64 130 85 51 42 61 14908 155 2510 581 29471 235 244 297 151 302 1855 24 1735 32 10076 276 168 546 366 20 140 4094 101 622 670 20 33 26 90 3463 122 522 108 26 202 88 125 3702 206 311 1286 113 501 4116 117 1221 27 27 5051 35
internal_value=4.32189e-07 -0.000535142 0.00103255 0.00121395 0.00620267 0.000632581 0.00120233 0.00152527 0.00300673 0.00500993 0.00126993 0.00729148 -0.000728634 -0.000364653 0.000219546 0.00140027 -0.000795979 0.00282745 0.00410403 0.00144455 0.00308126 0.00375956 -5.21456e-05 0.00114844 0.00112568 0.00104761 0.00119255 6.76823e-05 0.000602645 0.000842355 0.00130886 0.00222127 0.000739554 0.000929714 0.00316598 0.00012792 0.000838179 0.00448992 0.00664525 0.0044526 0.00549375 7.92671e-05 0.00052261 0.00160543 0.000413469 -1.3702e-05 0.00390687 0.00183418 0.00318492 -5.0279e-05 0.00237508 0.00289877 0.00116869 0.00126252 0.000630838 -0.000382884 0.000951948 0.00063269 0.00195672 0.00497949 -0.0002049 6.34643e-05
internal_weight=111930 73688 38242 26301 60 11941 26241 8489 1245 544 7244 191 52604 8225 3763 1253 44379 521 286 701 236 353 21084 6723 6699 17752 12061 3240 465 8701 2440 682 5691 4335 241 1356 734 85 53 136 110 15078 2623 954 630 12455 324 239 151 12216 672 517 11976 10189 1787 6006 1758 1338 420 54 8514 1890
internal_count=111930 73688 38242 26301 60 11941 26241 8489 1245 544 7244 191 52604 8225 3763 1253 44379 521 286 701 236 353 21084 6723 6699 17752 12061 3240 465 8701 2440 682 5691 4335 241 1356 734 85 53 136 110 15078 2623 954 630 12455 324 239 151 12216 672 517 11976 10189 1787 6006 1758 1338 420 54 8514 1890
is_linear=0
shrinkage=0.05


Tree=9
num_leaves=63
num_cat=0
split_feature=13 22 13 12 9 4 9 10 11 12 13 13 0 13 12 11 12 13 4 19 12 12 11 12 9 0 23 11 20 0 10 10 10 18 12 20 25 13 0 12 10 12 11 13 11 12 11 10 11 20 0 6 20 12 22 13 0 11 9 13 25 24
split_gain=22.3419 2.48483 0.998274 0.535748 0.665486 0.509439 0.46893 1.15244 1.39507 0.558388 1.17177 0.612934 0.487909 0.447125 0.373624 0.628316 0.356658 0.725476 0.331429 0.326975 0.62008 0.331726 0.314863 0.310738 0.282481 0.33233 0.280679 0.377837 0.264359 0.280581 0.298803 0.235575 0.23279 0.232415 0.579713 0.226769 0.225149 0.350085 0.22363 0.235375 0.222452 0.222179 0.668771 0.539507 0.214037 0.364244 0.350501 0.207244 0.650184 0.734635 0.46685 0.220333 0.215171 0.203657 0.203199 0.201719 0.357335 0.629133 0.661751 0.386291 0.200468 0.199644
threshold=0.16368380311765965 0.84999999403953563 0.058866845707355113 579.00000000000011 1.0000000180025095e-35 1.0000000180025095e-35 -0.56174490092936669 0.68301270189221941 0.25000000000000017 1188.5000000000002 0.0070216524918854523 0.0139599844095102 2237.5000000000005 2.9622552444573205 1153.5000000000002 -0.68301270189221952 1267.0000000000002 0.012386640729883013 1.0000000180025095e-35 1.0000000180025095e-35 1431.5000000000002 1471.5000000000002 -0.9330127018922193 1341.5000000000002 1.0000000180025095e-35 4.5000000000000009 9.7565603256225604 0.25000000000000017 0.21428572386503222 555.50000000000011 0.68301270189221941 0.68301270189221941 -0.24999999999999994 1.0000000180025095e-35 1469.5000000000002 1.0000000180025095e-35 0.69685250520706188 0.14441012136864675 1685.5000000000002 1463.5000000000002 0.93301270189221952 1027.0000000000002 0.25000000000000017 0.0139599844095102 0.6830127018922193 1328.5000000000002 0.25000000000000017 0.68301270189221941 0.25000000000000017 0.92857143282890331 2326.5000000000005 1.0000000180025095e-35 1.0000000180025095e-35 1322.5000000000002 0.31666667759418493 0.096040891552983343 2326.5000000000005 -0.68301270189221952 -0.22252093395631442 0.071137976086129637 0.69685250520706188 1.0027284920215609
decision_type=2 2 2 2 2 2 2 2 2 2 2 2 2 2 2 2 2 2 2 2 2 2 2 2 2 2 2 2 2 2 2 2 2 2 2 2 2 2 2 2 2 2 2 2 2 2 2 2 2 2 2 2 2 2 2 2 2 2 2 2 2 2
left_child=2 18 3 4 -1 28 7 12 16 10 -10 -11 19 26 15 -14 17 -9 47 21 -21 -5 38 -18 41 32 -3 -28 55 30 61 -29 -26 35 -35 -27 37 -32 -7 -40 -24 42 43 -8 46 -46 -43 -2 50 52 -49 -52 -50 -16 -54 56 -4 58 -58 -59 -20 -30
right_child=1 13 5 6 -6 22 24 8 9 11 -12 -13 14 -15 53 -17 23 -19 60 20 -22 -23 40 -25 25 33 27 31 29 -31 36 -33 -34 34 -36 -37 -38 -39 39 -41 -42 44 -44 -45 45 -47 -48 48 49 -51 51 -53 54 -55 -56 -57 57 59 -60 -61 -62 -63
leaf_value=0.00095191386576145448 -2.7836984458309054e-05 -0.00054062740822331931 0.00078291484452748658 0.0010091668304773212 0.011713197519418499 0.00094027081795799343 0.0052756084772575436 0.0093711368256524912 -0.0019158007734598804 0.00701811924315901 0.011662372650686882 0.0028762058190712507 0.0019456904451217571 -0.00081383086506944683 0 0.010912958226906948 -0.0040602436765681867 0.0010247103756884709 6.0169274734251726e-05 0.0059336780002448401 -0.00019985071580043962 0.006217884629892958 3.6101739823811079e-05 0.0011280779464578898 0.00071719283255461223 0.0011777095086920534 -0.00075364453196807336 -0.00085272444092040914 0.0019660559184682572 0.00090496069747860038 0.0034675902449928606 0.0033361683610455004 0.0063115554172440448 0.0014884015718054603 0.0096089538756850782 0.00055711065411702279 0 0.010132085925690645 0.0086736527298051872 0.0015151200970740016 -0.0014546570851565709 0.0006326082623306882 -0.0025633154190015869 0.00032099532717535303 0.0026216213376629993 0.00072171139991196898 -0.00068347843175296525 -8.4791493087787041e-05 -0.00061152779448214994 0.0038768071106469247 0.0083539273458459583 0.00093152243736668015 0.0024569327106981052 0.0026451234187864973 0.00037874480458817807 0.00034059861712688666 0.014177434117376032 0.0066092070898619189 0.0018966737279902291 -0.00022189094510333227 -0.00055959949958645872 -0.00072187363907483747
leaf_weight=33 11490 21158 2962 6527 27 294 138 40 20 127 67 330 48 31071 93 35 30 79 1890 95 70 31 2619 552 32 10073 185 41 468 1758 82 149 53 112 28 1763 26 28 21 30 276 3298 61 95 326 1179 594 2590 214 247 24 20 210 345 283 3133 23 26 23 94 4116 78
leaf_count=33 11490 21158 2962 6527 27 294 138 40 20 127 67 330 48 31071 93 35 30 79 1890 95 70 31 2619 552 32 10073 185 41 468 1758 82 149 53 112 28 1763 26 28 21 30 276 3298 61 95 326 1179 594 2590 214 247 24 20 210 345 283 3133 23 26 23 94 4116 78
internal_value=4.7867e-07 -0.000508372 0.000981106 0.00115345 0.00588912 0.000601091 0.0011424 0.00144936 0.00285753 0.00476103 0.00848493 0.00403946 0.00120662 -0.000692197 0.00268717 0.00579582 0.00137275 0.00387773 -4.94971e-05 0.0010911 0.00330275 0.00103465 6.4219e-05 0.000851398 0.000995328 0.00113302 -0.00051645 0.000834114 0.000800429 0.001244 0.00211035 0.00240597 0.00426751 0.00111032 0.0031539 0.0010857 0.00422878 0.00521708 0.00149276 0.0045718 -0.000104341 0.000702624 0.00204852 0.00327794 0.000628343 0.00113672 0.000430449 7.53437e-05 0.000407149 0.00152547 1.65067e-07 0.00510325 0.000696501 0.00208549 0.00127444 0.000626748 0.000911737 0.0031784 0.00816295 0.00122082 -0.000363737 0.00157285
internal_weight=111930 73688 38242 26301 60 11941 26241 8489 1245 544 87 457 7244 52604 521 83 701 119 21084 6723 165 6558 3240 582 17752 12061 21533 375 8701 2440 682 190 85 11976 140 11836 136 110 345 51 2895 5691 294 233 5397 1505 3892 15078 3588 954 2634 44 707 438 493 6261 3128 166 46 120 6006 546
internal_count=111930 73688 38242 26301 60 11941 26241 8489 1245 544 87 457 7244 52604 521 83 701 119 21084 6723 165 6558 3240 582 17752 12061 21533 375 8701 2440 682 190 85 11976 140 11836 136 110 345 51 2895 5691 294 233 5397 1505 3892 15078 3588 954 2634 44 707 438 493 6261 3128 166 46 120 6006 546
is_linear=0
shrinkage=0.05


Tree=10
num_leaves=63
num_cat=0
split_feature=13 13 14 12 14 3 0 0 10 12 14 21 12 13 0 12 1 0 14 0 11 14 11 12 0 21 11 3 3 13 12 14 14 15 10 13 13 21 3 13 10 12 22 14 13 0 0 14 23 14 5 0 22 3 10 11 3 23 12 3 13 21
split_gain=20.2115 2.11858 1.1534 0.499541 0.632692 0.713307 0.503328 0.474306 0.459989 0.439727 0.628344 0.550212 0.415853 0.41472 1.23414 0.513379 1.12958 0.454635 0.608786 0.598985 0.393847 0.377131 0.632937 0.516844 0.884672 0.516687 0.377061 0.438659 0.362421 0.335957 0.334206 0.41473 0.747892 0.318748 0.387985 0.81484 0.378736 0.362141 0.292582 0.291248 0.913947 0.303785 0.267266 0.416065 0.312645 0.263876 0.291054 0.277143 0.227751 0.248365 0.240001 0.227719 0.235683 0.221069 0.236171 0.954059 0.918464 0.35731 0.216062 0.203927 0.200208 0.195238
threshold=0.29882004872955109 0.077444912296848537 1.5026315789473685 1207.0000000000002 0.067041198501872665 1.0000000180025095e-35 1685.5000000000002 1.0000000180025095e-35 -0.24999999999999994 988.00000000000011 0.097693531283138943 0.10714286193251611 1197.5000000000002 0.011246495351729663 1997.5000000000002 1335.0000000000002 2024.5000000000002 1888.5000000000002 1.0000000180025095e-35 1764.5000000000002 -0.68301270189221952 0.026144907723855096 -0.68301270189221952 579.00000000000011 1544.5000000000002 0.10714286193251611 -0.9330127018922193 2.5000000000000004 4.5000000000000009 0.016007117437722426 1469.5000000000002 0.029198635976129584 0.027587519025875192 1.0000000180025095e-35 0.93301270189221952 0.038102497096399547 0.064425083802416058 0.17857143282890323 2.5000000000000004 0.0076093879678060658 0.25000000000000011 1183.5000000000002 1.0000000180025095e-35 0.022347066167290892 0.029863861710778272 2326.5000000000005 277.50000000000006 0.32544130008405719 0.77136236429214489 0.10557275541795667 1.0000000180025095e-35 2357.5000000000005 1.0000000180025095e-35 4.5000000000000009 0.68301270189221941 0.25000000000000017 3.5000000000000004 2.6322140693664555 1470.5000000000002 2.5000000000000004 0.0139599844095102 0.46428571641445165
decision_type=2 2 2 2 2 2 2 2 2 2 2 2 2 2 2 2 2 2 2 2 2 2 2 2 2 2 2 2 2 2 2 2 2 2 2 2 2 2 2 2 2 2 2 2 2 2 2 2 2 2 2 2 2 2 2 2 2 2 2 2 2 2
left_child=1 3 53 4 21 -6 7 8 -5 10 -7 12 -11 14 17 16 -16 19 -19 -8 -17 22 39 24 -24 26 27 -23 45 -25 42 32 -32 34 37 -36 60 -15 -28 40 -1 -41 44 -44 -9 46 61 48 50 -50 -47 52 58 54 -2 -56 -57 -58 -30 -10 -35 -3
right_child=2 28 -4 6 5 9 13 30 59 11 -12 -13 -14 33 15 20 -18 18 -20 -21 -22 25 23 29 -26 -27 38 -29 51 -31 31 -33 -34 36 35 -37 -38 -39 -40 41 -42 -43 43 -45 -46 47 -48 -49 49 -51 -52 -53 -54 -55 55 56 57 -59 -60 -61 -62 -63
leaf_value=0.0010320383852144026 -0.00030272769733241613 0.0012289860931326995 -0.00072291941604312403 0.0090816104560653491 -0.0023471624782503047 0.012918962398684637 0.004186286295161528 0.00075356414024635432 0.0047789521676637392 0.0017345859812846439 0.0034216068739438576 0.010359229367092786 0.0090384095839785225 0.0016724754830391238 0.013554303164448217 -0.0017545454204082489 0.00079867860425789691 0.0030413948422325326 0.010817334479639795 0.0003729533908202384 0.00018272731198511517 0.005520054925742421 0.014102218748429122 0.0023549375228788675 -1.6403587451621655e-05 0.0062936260553278101 -0.0014919527614998841 0.00033988024298226807 0.00058061362848158904 0.0012678588595722037 0.0017867939795872421 0.00074618488182716641 0.0087789979410599316 0.0041741806105594732 0.0020487103659564748 0.0087175355142543407 0.0056291730737664161 -0.00088466930867804453 0.00053120059129518622 -6.1684984460453005e-05 0.0085026495126348783 0.0020117356732439191 2.2369321242292667e-05 0.00078275372965904907 0.0016279519347193183 0.00053066085120746732 0.00033233399038802141 0.0052802528045693929 0.0076453168177977211 0.0019229659210481941 0.0041747494754471584 0.0021976564846884735 -0.00013942919430926179 -0.00054748466875215738 -0.00031357674925780172 0.00041666176294578145 0.0022386671241211103 0.005627266471515866 0.0043678828099437362 -0.0016434212129904455 -0.00098625015838262465 -0.00032683206100520598
leaf_weight=394 13759 1557 41416 34 45 33 175 4908 23 206 41 25 22 3821 21 365 104 88 37 258 920 65 23 1647 20 36 308 116 144 1301 1083 1416 40 20 208 60 27 141 421 966 46 215 2909 4774 1311 676 9793 43 25 97 49 114 4436 6188 3280 785 217 129 53 25 245 226
leaf_count=394 13759 1557 41416 34 45 33 175 4908 23 206 41 25 22 3821 21 365 104 88 37 258 920 65 23 1647 20 36 308 116 144 1301 1083 1416 40 20 208 60 27 141 421 966 46 215 2909 4774 1311 676 9793 43 25 97 49 114 4436 6188 3280 785 217 129 53 25 245 226
internal_value=5.25233e-07 0.000802633 -0.000562267 0.00106396 0.00147474 0.00347931 0.000957884 0.000810551 0.00461421 0.00429688 0.00773611 0.00326853 0.00246491 0.0013322 0.000721624 -6.26331e-05 0.00299071 0.00271197 0.00538985 0.00192629 -0.000363752 0.00133962 0.00152657 0.00195876 0.00743461 0.000422824 0.000184412 0.00222979 0.000362929 0.00187695 0.000791248 0.00132094 0.00204106 0.00159679 0.00170708 0.00356308 0 0.00158019 -0.000316804 0.000725945 0.00182617 0.000311684 0.000694139 0.000495506 0.000938717 0.000504512 0.000440074 0.00133688 0.00113018 0.00314183 0.000784388 -7.82967e-06 -6.32235e-05 -0.000288902 -0.000200561 0.00011699 0.00137001 0.00351775 0.00162659 0.00133355 -0.000576495 0.00102897
internal_weight=111930 46156 65774 28943 5930 372 23013 16523 82 327 74 253 228 6490 1968 1410 125 558 125 433 1285 5558 4612 2991 43 946 910 181 17213 2948 16441 2539 1123 4522 4230 268 292 3962 729 1621 440 1181 13902 7683 6219 12466 11576 890 847 122 725 4747 4633 24358 18170 4411 1131 346 197 48 265 1783
internal_count=111930 46156 65774 28943 5930 372 23013 16523 82 327 74 253 228 6490 1968 1410 125 558 125 433 1285 5558 4612 2991 43 946 910 181 17213 2948 16441 2539 1123 4522 4230 268 292 3962 729 1621 440 1181 13902 7683 6219 12466 11576 890 847 122 725 4747 4633 24358 18170 4411 1131 346 197 48 265 1783
is_linear=0
shrinkage=0.05


Tree=11
num_leaves=63
num_cat=0
split_feature=25 22 12 0 22 12 2 2 9 3 25 0 2 2 1 3 25 12 2 3 8 3 0 12 0 8 2 0 12 11 2 0 0 0 8 11 23 11 12 3 2 3 0 21 15 21 2 2 20 22 21 3 8 12 12 23 18 0 8 12 11 3
split_gain=17.7916 1.43158 1.02472 0.745067 0.658902 0.540995 0.44607 0.824767 0.906043 0.471585 0.415916 0.383713 0.405114 0.381946 0.366549 0.639007 0.546107 0.409325 0.354048 0.352168 0.335374 0.316046 0.683677 0.718068 0.515944 0.59837 0.449416 0.369031 0.442962 0.407574 0.330212 0.30945 0.303852 0.291799 0.288864 0.348946 0.386366 0.2919 0.361366 0.269223 0.345466 1.2855 0.281153 0.271177 0.265652 0.264673 0.263429 0.443971 0.523073 0.307968 0.234712 0.227354 0.225282 0.603891 0.281564 0.225075 0.293962 0.211912 0.457335 0.201585 0.193082 0.186849
threshold=0.71477720141410839 0.84999999403953563 1202.5000000000002 1693.5000000000002 1.0000000180025095e-35 1197.5000000000002 2.5000000000000004 1.5000000000000002 -0.56174490092936669 3.5000000000000004 3.2562053203582768 1.0000000180025095e-35 6.5000000000000009 7.5000000000000009 2024.5000000000002 5.5000000000000009 0.32543723285198217 1158.5000000000002 1.5000000000000002 4.5000000000000009 -0.8783796973249266 3.5000000000000004 156.50000000000003 579.00000000000011 2367.5000000000005 0.6078576107927941 8.5000000000000018 1544.5000000000002 1083.5000000000002 -0.9330127018922193 5.5000000000000009 1336.5000000000002 1701.5000000000002 1874.5000000000002 0.6078576107927941 -0.5 0.77136236429214489 -0.9330127018922193 1344.5000000000002 4.5000000000000009 2.5000000000000004 3.5000000000000004 47.500000000000007 1.0000000180025095e-35 1.0000000180025095e-35 0.10714286193251611 2.5000000000000004 1.5000000000000002 0.92857143282890331 0.21666666865348819 0.39285714924335485 3.5000000000000004 -0.8783796973249266 1463.5000000000002 1466.5000000000002 3.5016986131668095 1.5000000000000002 1685.5000000000002 1.0000000180025095e-35 1139.5000000000002 -0.5 4.5000000000000009
decision_type=2 2 2 2 2 2 2 2 2 2 2 2 2 2 2 2 2 2 2 2 2 2 2 2 2 2 2 2 2 2 2 2 2 2 2 2 2 2 2 2 2 2 2 2 2 2 2 2 2 2 2 2 2 2 2 2 2 2 2 2 2 2
left_child=2 19 5 4 52 14 7 -3 9 -9 -8 12 -6 -7 15 16 17 33 -5 44 -20 24 30 -24 27 -26 -25 28 -16 -29 -23 59 -19 -1 35 45 -37 38 -36 40 41 -13 -41 -42 46 -22 47 -2 49 -49 -39 -50 53 -4 -55 -11 -57 -54 -59 -17 -44 -10
right_child=1 6 3 18 11 13 10 8 61 55 -12 39 -14 -15 21 31 -18 32 20 -21 34 22 23 26 25 -27 -28 29 -30 -31 -32 -33 -34 -35 37 36 -38 50 -40 42 43 -43 60 -45 -46 -47 -48 48 51 -51 -52 -53 57 54 -56 56 -58 58 -60 -61 -62 -63
leaf_value=0.0025410781199990806 -0.00027438627873982788 -0.00074734431041498966 -0.00083148410164566591 0.00018583310673444121 0.00018934897479918526 0.0077649739481208627 -0.00045704471044798807 0.00030243417909068767 6.9570785867029275e-05 0.00054647982529431184 -0.00079077504032555763 0.00045108439906091087 0.007834228805145069 0.0012698576796953984 0.0021670127247734425 -0.00095654752743671613 0.0095921965755299474 0.0025481151852408332 0.00026960541982286112 -0.00046608032003197885 0.00091895434623555166 0.011469812699374688 0.0093505680970719599 0.0013020452991585984 0.01046456901783563 0.00012330635586667313 0.0082197078685295518 0.0020169956632786995 0.00057385669425115188 -0.00021247606236614723 0.0035794353423929631 -0.0035488203045974582 0.0062723682302495715 -0.00035224214712522575 0.004760593920946121 0.0021859949505332091 -0.0017160119968299377 0.0010095320345376551 -0.0013034899457136967 -0.0017966145885307682 1.7389740612287903e-05 0.003244073296571952 0.00048456969491187827 0.00055380171946417523 0.00040675422547625253 0.0022919784756400829 -0.00023355759583392759 0.0049186150875832309 0.0022348761342738462 0.00017453050207462037 0.0058362988419688065 0.0061941368685466801 0.0010355852019079488 0.0057403610935083801 0.0013136842179189395 0.0041522368101915954 0.0016980962843246164 0.0081803475162223992 -0.00094037826996482107 0.0056360371410846708 -0.00010671645127192304 -0.0008036635494572266
leaf_weight=272 705 4462 491 904 36 57 13512 581 1472 155 30868 1806 36 41 782 25 30 125 798 4406 1976 25 29 1760 30 28 24 249 1013 1146 34 61 108 124 27 2003 64 1523 243 183 3064 536 2799 10486 3727 436 6569 38 86 364 26 71 6980 49 153 222 295 31 23 20 2703 1038
leaf_count=272 705 4462 491 904 36 57 13512 581 1472 155 30868 1806 36 41 782 25 30 125 798 4406 1976 25 29 1760 30 28 24 249 1013 1146 34 61 108 124 27 2003 64 1523 243 183 3064 536 2799 10486 3727 436 6569 38 86 364 26 71 6980 49 153 222 295 31 23 20 2703 1038
internal_value=5.83311e-07 -0.000500643 0.000793373 0.000695853 0.000579 0.00140173 -0.00062652 -0.000287263 0.000256957 0.0013557 -0.000689281 0.000437105 0.0040867 0.00510266 0.00133917 0.00236661 0.00294834 0.00262204 0.0011243 -8.55903e-05 0.00124315 0.00118463 0.00170497 0.00152883 0.00088315 0.0055671 0.00139837 0.000796248 0.00127079 0.000182005 0.00702117 -0.00120224 0.00429778 0.00162261 0.0013657 0.00158274 0.00206268 0.000828475 -0.000677032 0.000424677 0.000530412 0.00109255 0.000128218 0.000432875 5.90006e-05 0.0011693 -0.000105828 0.000553993 0.00160753 0.000636523 0.00109415 0.00406 0.000975891 0.000107683 0.00241453 0.00225871 0.00276217 0.00106071 0.00420861 0.00186863 0.00019318 -0.000289577
internal_weight=111930 68571 43359 37376 29376 5983 52605 8225 3763 1253 44380 21649 72 98 5885 765 659 629 8000 15966 7096 5120 1872 1813 3248 58 1784 3190 1795 1395 59 106 233 396 6298 4479 2067 1819 270 21577 15892 2342 5685 13550 11560 2412 7833 1264 559 402 1549 157 7727 693 202 672 517 7034 54 45 5502 2510
internal_count=111930 68571 43359 37376 29376 5983 52605 8225 3763 1253 44380 21649 72 98 5885 765 659 629 8000 15966 7096 5120 1872 1813 3248 58 1784 3190 1795 1395 59 106 233 396 6298 4479 2067 1819 270 21577 15892 2342 5685 13550 11560 2412 7833 1264 559 402 1549 157 7727 693 202 672 517 7034 54 45 5502 2510
is_linear=0
shrinkage=0.05


Tree=12
num_leaves=63
num_cat=0
split_feature=13 14 13 2 2 9 12 9 3 9 10 2 14 12 14 12 15 10 12 13 13 12 13 3 19 12 25 25 12 9 2 10 12 20 2 3 23 2 13 14 12 10 15 18 20 23 10 2 20 2 12 15 24 3 23 14 13 13 2 3 13 14
split_gain=16.6664 1.81775 0.753176 0.418109 0.556239 0.585213 0.410841 0.603955 0.408594 0.407105 0.991011 1.23259 0.554351 0.599802 0.377243 0.663659 1.05853 0.45143 0.67305 0.354669 0.332789 0.324861 0.753104 0.292979 0.274977 0.266839 0.266058 0.470722 0.591506 0.253495 0.386637 0.24982 0.243377 0.239671 0.270545 0.419008 0.285659 0.277158 0.342381 0.251999 0.312107 0.290176 0.232644 0.239139 0.223315 0.207311 0.191868 0.208855 0.531994 0.211455 0.186364 0.18577 0.184349 0.184268 0.179573 0.17179 0.167998 0.254051 0.323731 0.336749 0.27045 0.223707
threshold=0.16368380311765965 1.0914315569487985 0.058866845707355113 2.5000000000000004 1.5000000000000002 -0.56174490092936669 579.00000000000011 1.0000000180025095e-35 4.5000000000000009 -0.56174490092936669 0.68301270189221941 2.5000000000000004 0.032876959106467311 1396.5000000000002 0.020204081632653064 1399.5000000000002 1.0000000180025095e-35 -0.5 1027.0000000000002 0.32936974742390485 0.014537231844310029 1397.5000000000002 0.011773369141471023 3.5000000000000004 1.0000000180025095e-35 1450.5000000000002 0.59402847290039074 0.54929199814796459 1468.5000000000002 -0.22252093395631442 2.5000000000000004 0.93301270189221952 1460.5000000000002 0.21428572386503222 2.5000000000000004 3.5000000000000004 1.1442969441413882 1.5000000000000002 0.096040891552983343 0.14093535572408813 1438.5000000000002 -0.93301270189221919 9.5000000000000018 13.500000000000002 1.0000000180025095e-35 5.5549190044403085 -0.93301270189221919 2.5000000000000004 2.7857142686843877 1.5000000000000002 1216.5000000000002 1.0000000180025095e-35 0.48302619159221655 4.5000000000000009 158.99185943603518 0.032876959106467311 0.096040891552983343 0.086219938442276614 11.500000000000002 1.0000000180025095e-35 0.089820262872866735 0.064309346567411094
decision_type=2 2 2 2 2 2 2 2 2 2 2 2 2 2 2 2 2 2 2 2 2 2 2 2 2 2 2 2 2 2 2 2 2 2 2 2 2 2 2 2 2 2 2 2 2 2 2 2 2 2 2 2 2 2 2 2 2 2 2 2 2 2
left_child=2 19 6 4 -3 23 7 -1 33 10 14 12 13 -12 17 16 -16 18 -8 32 -17 22 -13 -6 -19 -23 27 29 -29 30 -11 50 -2 56 35 -35 39 -37 -39 41 -41 -36 -25 -44 -14 -5 52 48 -48 -50 -10 -31 -21 54 -7 -52 57 61 60 -60 -59 -4
right_child=1 3 8 45 5 53 9 -9 31 26 11 21 44 -15 15 20 -18 24 -20 46 -22 25 -24 42 -26 -27 -28 28 -30 51 -32 -33 -34 34 36 37 -38 38 -40 40 -42 -43 43 -45 -46 -47 47 -49 49 -51 55 -53 -54 -55 -56 -57 -58 58 59 -61 -62 -63
leaf_value=0.00044370099587022721 -0.00034453666175435281 -0.0006805150336434264 0.0010220163942165927 -0.00057278427547975414 0.00023756941453951971 3.1213739737563621e-07 0.0057411268318441873 0.010687197516655131 0.003365713493390517 -0.00068872206406130727 0.0077398772151832836 0.006464941088727443 0.0001114117238472391 0.0037180173958232992 0.0022523643913059778 -0.0010588124995864008 0.011676007114542452 0.00023651382013362924 0.0011516474660667661 0.0049615334805809125 0.0011647546371038307 -0.00048356876303875976 0.00054115997007933971 0.000886129392931589 0.0033547914948788382 0.002001562250411312 -0.0018882655079907448 0.0020317209216180535 0.011668428992726146 0.00095581625475969843 0.00075506183539312535 -0.0014000677822406677 0.00027202126512946087 0.0010713924148712292 0.0033531083727405767 0.00074424562558026157 -0.00068544655778194697 0.011038487539837152 0.004065802259475477 -0.0014194732210078386 0.0027327984965225044 0.00059751694468978352 0.0042561830058069411 0.001313820732298973 0.0043197477887014666 -0.0008074607548225239 -5.7396947574328977e-05 -0.00036251342967928485 -0.00064153208958520318 0.0039071210519407628 -0.0016875370702794498 6.0709435786012512e-05 0.00032156158700654249 -0.00077617687279396281 0.0031798794930255336 0.00020365337028313736 0.00026931689116355248 0.0026266309844879187 0.010168492262213748 0.00090399216675194943 0.00058294051119663157 4.6261398064374618e-05
leaf_weight=33 2054 4195 1178 17771 512 1296 85 27 45 638 159 85 92 243 931 182 31 2513 1509 22 1920 297 151 302 73 168 87 64 22 14651 1674 276 7177 215 104 34 246 27 63 50 361 1340 155 136 50 20590 2842 14453 30 122 125 616 967 1018 46 2794 3133 259 22 20 455 1194
leaf_count=33 2054 4195 1178 17771 512 1296 85 27 45 638 159 85 92 243 931 182 31 2513 1509 22 1920 297 151 302 73 168 87 64 22 14651 1674 276 7177 215 104 34 246 27 63 50 361 1340 155 136 50 20590 2842 14453 30 122 125 616 967 1018 46 2794 3133 259 22 20 455 1194
internal_value=6.2278e-07 -0.000438864 0.000847593 -0.000631438 -0.000293045 0.00017462 0.000997313 0.00514658 0.000517399 0.000987616 0.0012736 0.00257945 0.00436858 0.00532272 0.00104845 0.00147154 0.00256242 0.000737097 0.00139986 -0.000118356 0.000969809 0.00118347 0.00269774 0.00112506 0.000326599 0.000403772 0.000850568 0.000864351 0.00456569 0.000845933 0.000354472 3.64655e-05 0.000134286 0.000695907 0.00111812 0.00243742 0.000902765 0.00476288 0.00622303 0.00111611 0.00221527 0.000799661 0.00188273 0.00289916 0.0016304 -0.000698877 -0.000245127 -0.000283705 9.50608e-05 0.00297666 0.000171961 0.000920028 0.000430323 -0.000268306 0.000113253 0.000120899 0.00053055 0.000790585 0.00159205 0.00588822 0.00133155 0.000532978
internal_weight=111930 73688 38242 46021 7660 3465 26301 60 11941 26241 8489 1245 544 402 7244 3064 962 4180 1594 27667 2102 701 236 1105 2586 465 17752 17665 86 17579 2312 3240 9231 8701 2440 339 2101 124 90 1855 411 1444 593 291 142 38361 18436 17447 2994 152 2964 15267 989 2360 1342 2919 6261 3128 756 42 714 2372
internal_count=111930 73688 38242 46021 7660 3465 26301 60 11941 26241 8489 1245 544 402 7244 3064 962 4180 1594 27667 2102 701 236 1105 2586 465 17752 17665 86 17579 2312 3240 9231 8701 2440 339 2101 124 90 1855 411 1444 593 291 142 38361 18436 17447 2994 152 2964 15267 989 2360 1342 2919 6261 3128 756 42 714 2372
is_linear=0
shrinkage=0.05


Tree=13
num_leaves=63
num_cat=0
split_feature=14 14 12 12 8 12 25 2 2 9 1 14 8 10 2 12 14 15 14 14 8 25 14 12 2 9 23 18 14 8 12 2 10 12 12 23 14 14 9 14 23 12 24 15 8 12 12 12 12 14 12 2 2 16 24 2 14 2 23 10 14 10
split_gain=14.8565 1.5998 0.633254 0.484638 0.436179 0.41027 0.360848 0.360837 0.522456 0.55229 0.345065 0.43636 0.305614 0.51074 0.814946 0.648387 0.357187 0.442332 0.342466 0.325634 0.300267 0.330027 0.295462 0.286681 0.277916 0.409444 0.27137 0.363049 0.269249 0.266745 0.536213 0.341263 0.266184 0.236787 0.33987 0.224545 0.223144 0.223471 0.95796 0.28316 0.21449 0.200999 0.189396 0.197899 0.186379 0.185329 0.185311 0.184356 0.361451 0.443259 0.304001 0.264258 0.181157 0.176563 0.205437 0.167884 0.165229 0.161715 0.160654 0.155716 0.155042 0.152244
threshold=0.16447026183457605 0.98816526610644273 1207.0000000000002 824.50000000000011 -0.8783796973249266 1197.5000000000002 0.32543723285198217 2.5000000000000004 1.5000000000000002 -0.56174490092936669 2024.5000000000002 0.1243556701030928 -1.0000000180025095e-35 0.68301270189221941 2.5000000000000004 1267.0000000000002 0.019049346879535561 1.0000000180025095e-35 0.070505385252692634 0.042403356308061142 -0.60785761079279388 0.2794183492660523 0.37323383084577122 1457.5000000000002 7.5000000000000009 -0.56174490092936669 4.4933784008026132 1.0000000180025095e-35 0.042403356308061142 -1.0000000180025095e-35 579.00000000000011 8.5000000000000018 0.93301270189221952 1139.5000000000002 1172.0000000000002 5.5549190044403085 0.11978260869565219 0.067041198501872665 1.0000000180025095e-35 0.05917366946778712 158.99185943603518 1347.5000000000002 1.0703283548355105 3.5000000000000004 -1.0000000180025095e-35 1158.5000000000002 1352.5000000000002 1352.5000000000002 1353.5000000000002 0.011834733893557424 1347.5000000000002 8.5000000000000018 2.5000000000000004 1.0000000180025095e-35 0.48302619159221655 1.5000000000000002 0.012270400481782597 6.5000000000000009 66.517807006835952 -0.93301270189221919 19.021428571428576 -0.6830127018922193
decision_type=2 2 2 2 2 2 2 2 2 2 2 2 2 2 2 2 2 2 2 2 2 2 2 2 2 2 2 2 2 2 2 2 2 2 2 2 2 2 2 2 2 2 2 2 2 2 2 2 2 2 2 2 2 2 2 2 2 2 2 2 2 2
left_child=2 3 5 -2 -4 10 12 8 -3 26 11 20 13 16 15 -15 17 -6 -18 -16 33 45 23 -5 25 -7 -10 -28 -27 30 -12 32 -32 -1 -35 -9 37 39 -39 -31 -29 61 43 -25 -11 -22 57 50 49 -49 51 -14 -44 54 -48 -50 -52 -43 60 -55 -46 -8
right_child=1 7 4 22 6 24 41 35 9 44 29 -13 47 14 19 -17 18 -19 -20 -21 21 -23 -24 42 -26 28 27 40 -30 36 31 -33 -34 34 -36 -37 -38 38 -40 -41 -42 46 52 -45 58 -47 53 48 55 -51 56 -53 -54 59 -56 -57 -58 -59 -60 -61 -62 -63
leaf_value=-0.0020605539288957859 0.0076577250526022548 -0.00065182827335440315 0.0001409846898099977 -0.00048344590145797916 0.00062705382045691305 0.0097781252137814113 -0.0036977274812200443 -0.0005288580248506723 -0.00018427121339357292 -0.00075664066575287909 0.0081728910835478404 0.0088796632480324569 0.00013247915541580879 0.012202518373304071 0.0017452941229054296 0.0031634327144028774 0.001652618189482822 -0.003139740120986949 0.00048322448424576261 -0.000490944782016708 0.0014950240044378262 0.0081755691256181189 -0.00025090912753456175 0.00034088017262089127 0.00089314321459920483 0.00031284096053127799 0.003105234564084305 0.00055567375284204512 0.0062260016557983966 0.00076418626649616891 0.0011529229816918372 0.0072413325576905704 0.0035857872818055728 0.0063060125904456053 -0.0005366177683436697 -0.00076834613718965096 -0.0039986381454091844 0.0070336607042486669 -0.0030862471445230136 -0.004764105128003405 0.0044222333632847844 0.0068044823994733621 0.00086394610379870128 0.0053280184970964763 0.00022839120150068513 0.0034600754696753576 0.0003088927499690341 0.0010736257059061614 0.00031059077627133402 0.0094397428070927027 -0.00015811223339913077 0.0017961648787359922 -0.00033952606340355925 0.0027101442439546263 0.00081495814655311877 0.00086057811775432699 -0.0026475955691740811 0.0010086681943305557 0.0015170262245847114 -0.00026308302603776879 -0.0011192465016413419 -0.00027671463052406754
leaf_weight=73 20 4319 3162 1775 2467 34 44 19050 305 1061 30 24 961 21 445 525 2171 80 899 252 345 25 14730 6315 64 44 259 532 37 3082 1679 25 123 28 48 20621 24 61 37 23 39 22 366 20 909 198 3612 42 1638 27 157 321 2093 46 4628 10320 122 32 180 921 278 139
leaf_count=73 20 4319 3162 1775 2467 34 44 19050 305 1061 30 24 961 21 445 525 2171 80 899 252 345 25 14730 6315 64 44 259 532 37 3082 1679 25 123 28 48 20621 24 61 37 23 39 22 366 20 909 198 3612 42 1638 27 157 321 2093 46 4628 10320 122 32 180 921 278 139
internal_value=6.6426e-07 -0.000421017 0.000787537 -9.97171e-05 0.000701387 0.00126097 0.000760499 -0.000591983 -0.000281863 0.000165205 0.00118719 0.00220124 0.000878891 0.00115226 0.00207277 0.00352242 0.000947638 0.000506659 0.00131184 0.000929656 0.00196952 0.00249354 -0.000106078 9.53013e-05 0.00363186 0.00511047 0.00107649 0.00154578 0.00307991 0.00103837 0.00151852 0.00140608 0.00132195 0 0.00192362 -0.000653472 0.000760478 0.000797822 0.00316266 0.000721474 0.000829248 0.000503623 0.00021269 0.000357498 -0.000258757 0.00222127 0.000536419 0.000740502 0.000807015 0.00442861 0.000224818 0.000553057 -0.000158339 0.000518629 0.000593738 0.000785663 -0.00126518 0.00347056 0.000124047 -0.000116211 -8.30865e-05 -0.00112813
internal_weight=111930 72872 39058 25319 33054 6004 29892 47553 7882 3563 5825 741 20448 6860 1243 546 5617 2547 3070 697 717 568 25299 10569 179 115 1135 830 81 5084 1857 1827 1802 149 76 39671 3227 3203 98 3105 571 9444 8794 6335 2428 543 9261 13588 12027 69 1561 1282 2459 9207 8240 11958 279 54 1367 967 1187 183
internal_count=111930 72872 39058 25319 33054 6004 29892 47553 7882 3563 5825 741 20448 6860 1243 546 5617 2547 3070 697 717 568 25299 10569 179 115 1135 830 81 5084 1857 1827 1802 149 76 39671 3227 3203 98 3105 571 9444 8794 6335 2428 543 9261 13588 12027 69 1561 1282 2459 9207 8240 11958 279 54 1367 967 1187 183
is_linear=0
shrinkage=0.05


Tree=14
num_leaves=63
num_cat=0
split_feature=13 22 8 12 13 3 13 13 12 12 8 0 13 0 0 17 3 13 13 13 12 2 2 9 3 0 22 0 0 3 0 13 21 10 2 9 2 13 0 12 13 13 0 12 0 12 13 2 2 2 13 21 13 20 18 22 10 2 3 0 23 23
split_gain=13.6363 1.48805 0.638549 0.624827 0.55906 0.533865 0.520464 0.502238 0.860769 0.420204 0.498786 0.395019 0.450097 0.363937 0.6251 0.440144 0.52006 0.395803 0.338178 0.357916 0.327642 0.323969 0.622205 0.689685 0.388121 0.314254 0.309568 0.273859 0.27296 0.22676 0.226244 0.394151 0.440456 0.367497 0.306924 0.398327 0.223908 0.245788 0.382248 0.376719 0.360088 0.290795 0.259493 0.206365 0.201537 0.188324 0.448325 0.410799 0.245852 0.187388 0.179986 0.178373 0.179196 0.176997 0.279685 0.16552 0.161962 0.490633 0.831837 0.396246 0.269435 0.247324
threshold=0.16368380311765965 0.84999999403953563 -0.8783796973249266 716.00000000000011 0.0070216524918854523 3.5000000000000004 0.038102497096399547 0.044203106050397525 793.50000000000011 1469.5000000000002 1.0000000180025095e-35 701.00000000000011 0.036643572847084312 1350.5000000000002 1146.5000000000002 1.0000000180025095e-35 5.5000000000000009 0.0037209334524032039 0.035227700613601053 0.006505828615769889 1101.0000000000002 2.5000000000000004 1.5000000000000002 -0.56174490092936669 3.5000000000000004 1.0000000180025095e-35 2.5833332538604741 555.50000000000011 848.50000000000011 4.5000000000000009 1982.5000000000002 0.055752262301656939 0.17857143282890323 -0.93301270189221919 2.5000000000000004 -0.22252093395631442 2.5000000000000004 0.06190015658100765 448.50000000000006 1408.5000000000002 0.026677132391418109 0.008088434128001816 2338.5000000000005 1355.5000000000002 1777.0000000000002 1418.5000000000002 0.040851124345534555 10.500000000000002 4.5000000000000009 3.5000000000000004 0.035227700613601053 1.0000000180025095e-35 0.018233124366767987 2.3571429252624516 1.0000000180025095e-35 0.35000000894069677 0.68301270189221941 2.5000000000000004 3.5000000000000004 2326.5000000000005 1.8771384358406069 0.55593636631965648
decision_type=2 2 2 2 2 2 2 2 2 2 2 2 2 2 2 2 2 2 2 2 2 2 2 2 2 2 2 2 2 2 2 2 2 2 2 2 2 2 2 2 2 2 2 2 2 2 2 2 2 2 2 2 2 2 2 2 2 2 2 2 2 2
left_child=2 29 36 4 -4 6 27 9 -9 13 11 49 -13 14 25 20 -17 -16 19 -12 -15 22 -3 24 -24 -5 -23 -6 -20 56 34 32 -32 -33 35 -10 43 38 39 40 41 -38 55 -1 -36 46 48 -48 -40 -11 -41 52 -47 -26 -55 -39 -2 58 60 -59 -58 -60
right_child=1 21 3 7 5 -7 -8 8 30 10 18 12 -14 15 17 16 -18 -19 28 -21 -22 26 23 -25 53 -27 -28 -29 -30 -31 31 33 -34 -35 44 -37 37 42 45 50 -42 -43 -44 -45 -46 51 47 -49 -50 -51 -52 -53 -54 54 -56 -57 57 59 61 -61 -62 -63
leaf_value=-0.0019114393149091105 -2.9642137075077395e-05 -0.00064946624565217234 -0.0024246244797847365 0.0043578298112946908 0.0014584452573663635 0.010697624422715941 -0.0025589467979025564 0.010227804740657022 0.0020150913449916677 0.0032487333105410431 0.00603639154636552 0.0035196096192953979 0.00033460579465893975 0.00030853906011954973 -0.0031362005799401745 0.0051503157044506011 -0.0010779223869405601 4.7283273673201472e-05 0.0061677481813035961 0.00017327050397718434 0.0011985164531995486 -0.00040610470022584862 0.00022525212321225461 -0.00025388892636598763 0.00036834758482682622 0.00085081215686227344 -0.00068677377572796136 0.0081742805338104099 0.0015201273598419766 -0.00030163236003932705 0.0039431005999492957 0.0043327896208761431 -0.0031323921723731816 0.00059596460496726144 0.00039000534510976169 0.00047581983244699815 -0.0020095750832237959 -0.0005799389888782048 0.0025052492352842584 0.0062275755937141481 -0.0033418260362539833 0.0041376398959284376 0.0026952950281265253 -0.00011753472675840125 -0.0016308591572327582 -0.0012306224970457785 0.0022783379961769513 0.010150422270617215 8.4757691367619704e-05 -0.00024466719444928096 0.002353514822609665 -0.0013876150145654003 0.00145942810220779 0.0038074089832205098 0.0014374775065176227 0.0022479275267316429 -0.00020282699954982301 -7.7024862499662063e-05 0.0015433476466151989 0.0047026077574731408 0.0025343322087178154 0.004472878046588624
leaf_weight=207 11490 4462 27 65 27 35 26 23 697 49 27 651 138 1211 103 134 43 1800 47 739 7777 14908 581 2510 139 8365 29471 42 110 6006 190 70 24 1247 9418 1088 26 960 123 68 40 65 71 742 124 94 93 21 745 167 64 230 175 218 315 54 522 2590 122 44 108 202
leaf_count=207 11490 4462 27 65 27 35 26 23 697 49 27 651 138 1211 103 134 43 1800 47 739 7777 14908 581 2510 139 8365 29471 42 110 6006 190 70 24 1247 9418 1088 26 960 123 68 40 65 71 742 124 94 93 21 745 167 64 230 175 218 315 54 522 2590 122 44 108 202
internal_value=6.80746e-07 -0.000396847 0.000766801 0.000834479 0.00398887 0.00536018 0.00333199 0.000819886 0.000572194 0.000968558 0.00167573 0.00244897 0.00296899 0.000898367 0.000693654 0.00112861 0.00360925 -0.000122551 0.000828206 0.000387222 0.00107917 -0.000539103 -0.00024982 0.000222739 0.00118145 0.000878498 -0.000592604 0.00562462 0.00294632 -4.16838e-05 0.000554454 0.00112733 0.00312514 0.000798691 0.000476572 0.00107975 0.000148095 0.000372062 0.000740297 0.00250042 0.000556089 0.00232613 -0.000215235 -0.000514257 0.000363203 0.000424205 0.000827651 0.00377991 0.000433762 0.000525816 0.0043903 -0.000359739 0.000500722 0.00200057 0.0024167 -0.000424205 6.15309e-05 0.000354884 0.00132636 1.09446e-06 0.000258793 0.00338603
internal_weight=111930 73688 38242 34464 157 130 95 34307 12881 21426 1928 1005 789 19498 10333 9165 177 1903 923 766 8988 52604 8225 3763 1253 8430 44379 69 157 21084 12858 1531 214 1317 11327 1785 3778 2829 1744 263 131 91 1085 949 9542 1481 982 114 868 216 132 499 269 672 533 1014 15078 3588 954 2634 630 324
internal_count=111930 73688 38242 34464 157 130 95 34307 12881 21426 1928 1005 789 19498 10333 9165 177 1903 923 766 8988 52604 8225 3763 1253 8430 44379 69 157 21084 12858 1531 214 1317 11327 1785 3778 2829 1744 263 131 91 1085 949 9542 1481 982 114 868 216 132 499 269 672 533 1014 15078 3588 954 2634 630 324
is_linear=0
shrinkage=0.05


Tree=15
num_leaves=63
num_cat=0
split_feature=13 13 12 12 8 13 0 14 2 2 13 2 2 9 8 12 14 11 11 0 0 14 24 14 13 23 8 25 14 0 12 0 0 0 13 22 15 0 22 25 0 0 8 8 22 14 13 23 18 23 15 14 22 22 23 18 0 0 25 14 12 13
split_gain=12.3095 1.34327 0.611514 0.543969 0.482827 0.424335 0.445787 0.421018 0.398231 1.30086 0.980414 0.340535 0.549072 0.59317 0.35914 0.326377 0.319927 1.02213 0.533757 0.519134 0.309298 0.310849 0.305532 0.60164 0.540879 0.892855 0.443785 0.358776 0.317944 0.46471 0.944752 0.658878 0.394544 0.588954 0.43662 0.294852 0.397139 0.338465 0.285946 0.285477 0.213348 0.197649 0.176295 0.175457 0.171786 0.726937 0.223594 0.165185 0.241582 0.151776 0.148723 0.168891 0.166508 0.141767 0.137358 0.181259 0.136282 0.450402 0.710995 0.290215 0.213203 0.226057
threshold=0.16368380311765965 0.65862018265144207 1207.0000000000002 1197.5000000000002 -0.8783796973249266 0.0028288599734319236 1693.5000000000002 0.077849927849927864 2.5000000000000004 1.5000000000000002 0.0139599844095102 2.5000000000000004 1.5000000000000002 -0.56174490092936669 1.0000000180025095e-35 1311.0000000000002 0.016530054644808747 1.0000000180025095e-35 1.0000000180025095e-35 624.50000000000011 1.0000000180025095e-35 0.02339261285909713 0.31519888341426855 0.019049346879535561 0.036643572847084312 1.0000000180025095e-35 0.6078576107927941 0.39081346988677984 1.0000000180025095e-35 1764.5000000000002 579.00000000000011 1965.5000000000002 874.50000000000011 541.50000000000011 0.0053309650680876267 1.0000000180025095e-35 1.0000000180025095e-35 2357.5000000000005 1.0000000180025095e-35 4.9642977714538583 111.00000000000001 908.50000000000011 -1.0000000180025095e-35 -0.60785761079279388 0.21666666865348819 0.15925559947299081 0.12509541984732828 3.5016986131668095 1.0000000180025095e-35 158.99185943603518 1.0000000180025095e-35 0.067041198501872665 0.78333333134651195 0.48333333432674414 2.87434995174408 1.5000000000000002 1157.5000000000002 1240.5000000000002 0.2794183492660523 0.026144907723855096 1261.0000000000002 0.033857105906696772
decision_type=2 2 2 2 2 2 2 2 2 2 2 2 2 2 2 2 2 2 2 2 2 2 2 2 2 2 2 2 2 2 2 2 2 2 2 2 2 2 2 2 2 2 2 2 2 2 2 2 2 2 2 2 2 2 2 2 2 2 2 2 2 2
left_child=2 43 3 22 56 15 8 35 9 40 -11 12 -3 14 47 -6 17 -5 19 -18 21 -10 27 26 25 -25 -24 28 29 30 -1 -31 33 -30 -34 37 -37 -8 -22 -13 -7 -17 -15 -2 46 -46 -9 -14 -49 -44 51 -45 -52 -53 -16 -56 60 58 59 -58 -4 -62
right_child=1 11 4 16 5 6 7 44 20 10 -12 39 13 42 54 41 18 -19 -20 -21 38 -23 23 24 -26 -27 -28 -29 32 31 -32 -33 34 -35 -36 36 -38 -39 -40 -41 -42 -43 49 50 45 -47 -48 48 -50 -51 52 53 -54 -55 55 -57 57 -59 -60 -61 61 -63
leaf_value=0.0088165451237153282 -0.00026115142904020814 -0.00057747473857765836 -0.0044339856287569698 -0.0044491226856525129 0.0046768769722988161 0.0022884577262495711 0.00078207369161521149 0.00012142617776938759 0 0.0071928837265747619 0.0021148897467480709 -0.0004263537051616794 0.00057170345953073617 -0.00068748717476175159 -0.0011936837362935989 0.0010505225979292024 0.0045737510321114585 0.007862910038771289 0.00022310820821019791 0.01410101086072538 0.00082367241859048498 0.0075768231650832386 -0.0021692427008978749 0.0025444295098431303 0.0015099024326959767 0.01728046594769167 0.0053203131075317276 0.0074448987234771516 0.0010301430360910239 -0.001297219144271954 0.0015636340529270156 0.0011907704542709629 -0.0029049179326694373 -0.0022993420209833195 0.0011596219920890632 0.0018346892784383091 0 0.0035069329115088341 0.00038719523777889803 -0.000679854091867973 0.00038554717036415651 -0.002224708586574772 4.0439728076655284e-05 -0.0020608279408187687 9.0510066291488004e-05 0.0078947798819784237 -0.0024734983412762982 0.0036490743312538551 0.0014024560386075497 0.0029582104756781698 0.00047644781854347477 0.00012769229207125289 -0.00028068559505729329 -0.00026848363068731468 0.0019315540665132945 -0.00011919147455377349 0.0029408812308126435 0.00014517309892826712 -0.0021299238670896043 0.0090312475799594529 0.00067687914331797589 -0.00059055321735664013
leaf_weight=46 5607 4910 30 35 22 159 2811 746 24 109 809 20895 197 1138 139 55 37 32 29 26 5309 31 57 21 33 22 30 22 258 356 2390 1039 69 271 1259 2482 329 120 13117 24110 2278 234 1496 102 180 36 93 207 311 46 3392 6212 915 3545 164 302 45 1511 40 40 519 1081
leaf_count=46 5607 4910 30 35 22 159 2811 746 24 109 809 20895 197 1138 139 55 37 32 29 26 5309 31 57 21 33 22 30 22 258 356 2390 1039 69 271 1259 2482 329 120 13117 24110 2278 234 1496 102 180 36 93 207 311 46 3392 6212 915 3545 164 302 45 1511 40 40 519 1081
internal_value=6.9143e-07 -0.000377 0.00072859 0.00119159 0.000641725 0.00070677 0.000726829 0.00108142 0.00061622 0.00111869 0.002724 -0.000506286 -0.000222936 0.000211014 0.00107918 -0.00112363 0.00408831 0.00135969 0.00601754 0.00860099 0.000524727 0.00427773 0.00111225 0.00326083 0.006512 0.0102224 0.000359101 0.00104998 0.00102424 0.00128529 0.001703 0.000552211 0.000482946 -0.000666172 0.00094447 0.00125022 0.00161832 0.000895456 0.000513231 -0.000562271 0.000511841 -0.00158395 -0.000214751 -2.42235e-05 0.000157915 0.00141741 -0.000160513 0.0018385 0.00231042 0.000130909 6.92024e-05 -3.74248e-05 0.000314435 -1.57387e-05 0.000173391 0.000592062 6.37475e-05 0.000387353 0.0032724 0.00587294 -0.000257985 -0.000176288
internal_weight=111930 73688 38242 6032 32210 28944 28633 6797 21836 3355 918 53915 8910 4000 1320 311 159 67 92 63 18481 55 5873 163 76 43 87 5710 5688 3831 2436 1395 1857 529 1328 5742 2811 2931 18426 45005 2437 289 2680 19773 1055 216 839 715 518 1542 14166 9859 4307 9757 605 466 3266 1636 125 85 1630 1600
internal_count=111930 73688 38242 6032 32210 28944 28633 6797 21836 3355 918 53915 8910 4000 1320 311 159 67 92 63 18481 55 5873 163 76 43 87 5710 5688 3831 2436 1395 1857 529 1328 5742 2811 2931 18426 45005 2437 289 2680 19773 1055 216 839 715 518 1542 14166 9859 4307 9757 605 466 3266 1636 125 85 1630 1600
is_linear=0
shrinkage=0.05


end of trees

feature_importances:
LiaisonId_code=142
liaison_frequence=123
Mois=122
interaction_jour_liaison_controles=103
liaison_cible_encodage_controles=101
JourSemaine=54
mois_sin=47
jour_semaine_cos=42
jour_semaine_sin=35
rolling_mean_30_controles=33
rolling_std_7_controles=32
mois_cos=28
rolling_mean_7_controles=23
rolling_std_14_controles=22
rolling_std_30_controles=22
rolling_mean_14_controles=17
lag_1_controles=14
lag_30_controles=12
lag_365_controles=7
EstWeekend=4
Annee=3
lag_7_controles=3
EstFerie=1
EstRamadan=1
lag_14_controles=1

parameters:
[boosting: gbdt]
[objective: regression]
[metric: rmse,l2]
[tree_learner: serial]
[device_type: cpu]
[data_sample_strategy: bagging]
[data: ]
[valid: ]
[num_iterations: 1000]
[learning_rate: 0.05]
[num_leaves: 63]
[num_threads: 2]
[seed: 42]
[deterministic: 1]
[force_col_wise: 0]
[force_row_wise: 1]
[histogram_pool_size: -1]
[max_depth: 8]
[min_data_in_leaf: 20]
[min_sum_hessian_in_leaf: 0.001]
[bagging_fraction: 0.8]
[pos_bagging_fraction: 1]
[neg_bagging_fraction: 1]
[bagging_freq: 0]
[bagging_seed: 400]
[bagging_by_query: 0]
[feature_fraction: 0.8]
[feature_fraction_bynode: 1]
[feature_fraction_seed: 30056]
[extra_trees: 0]
[extra_seed: 12879]
[early_stopping_round: 0]
[early_stopping_min_delta: 0]
[first_metric_only: 0]
[max_delta_step: 0]
[lambda_l1: 0.1]
[lambda_l2: 0.1]
[linear_lambda: 0]
[min_gain_to_split: 0]
[drop_rate: 0.1]
[max_drop: 50]
[skip_drop: 0.5]
[xgboost_dart_mode: 0]
[uniform_drop: 0]
[drop_seed: 17869]
[top_rate: 0.2]
[other_rate: 0.1]
[min_data_per_group: 100]
[max_cat_threshold: 32]
[cat_l2: 10]
[cat_smooth: 10]
[max_cat_to_onehot: 4]
[top_k: 20]
[monotone_constraints: ]
[monotone_constraints_method: basic]
[monotone_penalty: 0]
[feature_contri: ]
[forcedsplits_filename: ]
[refit_decay_rate: 0.9]
[cegb_tradeoff: 1]
[cegb_penalty_split: 0]
[cegb_penalty_feature_lazy: ]
[cegb_penalty_feature_coupled: ]
[path_smooth: 0]
[interaction_constraints: ]
[verbosity: 1]
[saved_feature_importance_type: 0]
[use_quantized_grad: 0]
[num_grad_quant_bins: 4]
[quant_train_renew_leaf: 0]
[stochastic_rounding: 1]
[linear_tree: 0]
[max_bin: 255]
[max_bin_by_feature: ]
[min_data_in_bin: 3]
[bin_construct_sample_cnt: 200000]
[data_random_seed: 175]
[is_enable_sparse: 1]
[enable_bundle: 1]
[use_missing: 1]
[zero_as_missing: 0]
[feature_pre_filter: 1]
[pre_partition: 0]
[two_round: 0]
[header: 0]
[label_column: ]
[weight_column: ]
[group_column: ]
[ignore_column: ]
[categorical_feature: ]
[forcedbins_filename: ]
[precise_float_parser: 0]
[parser_config_file: ]
[objective_seed: 16083]
[num_class: 1]
[is_unbalance: 0]
[scale_pos_weight: 1]
[sigmoid: 1]
[boost_from_average: 1]
[reg_sqrt: 0]
[alpha: 0.9]
[fair_c: 1]
[poisson_max_delta_step: 0.7]
[tweedie_variance_power: 1.5]
[lambdarank_truncation_level: 30]
[lambdarank_norm: 1]
[label_gain: ]
[lambdarank_position_bias_regularization: 0]
[eval_at: ]
[multi_error_top_k: 1]
[auc_mu_weights: ]
[num_machines: 1]
[local_listen_port: 12400]
[time_out: 120]
[machine_list_filename: ]
[machines: ]
[gpu_platform_id: -1]
[gpu_device_id: -1]
[gpu_device_id_list: ]
[gpu_use_dp: 0]
[num_gpu: 1]

end of parameters

pandas_categorical:[]
