tree
version=v4
num_class=1
num_tree_per_iteration=1
label_index=0
max_feature_idx=25
objective=regression
feature_names=LiaisonId_code Annee Mois JourSemaine EstWeekend EstFerie EstRamadan EstVacances jour_semaine_sin jour_semaine_cos mois_sin mois_cos liaison_frequence liaison_cible_encodage_ventes interaction_jour_liaison_ventes lag_1_ventes lag_7_ventes lag_14_ventes lag_30_ventes lag_365_ventes rolling_mean_7_ventes rolling_mean_14_ventes rolling_mean_30_ventes rolling_std_7_ventes rolling_std_14_ventes rolling_std_30_ventes
feature_infos=[309:1097] [2023:2025] [1:12] [0:6] [0:1] none [0:1] none [-0.97492790222167969:0.97492790222167969] [-0.90096884965896606:1] [-1:1] [-1:1] [129:1149] [0.0076045626774430275:20.82826042175293] [0:20.82826042175293] [0:5] [0:5] [0:5] [0:5] [0:5] [0:0.8571428656578064] [0:0.71428573131561279] [0:0.46666666865348816] [0:1.8644545078277588] [0:1.3445044755935669] [0:0.96846836805343628]
tree_sizes=4677 4091

Tree=0
num_leaves=52
num_cat=0
split_feature=14 12 12 11 22 10 8 14 1 14 8 11 22 3 12 14 3 1 3 3 14 8 10 22 11 8 14 12 10 22 3 10 10 8 21 8 10 8 3 3 3 11 9 3 25 11 25 3 8 22 11
split_gain=0.0809269 0.0725262 0.224556 0.134607 0.229162 0.133655 0.191356 0.0556351 0.0284298 0.0279485 0.0674686 0.0590534 0.0452274 0.0253631 0.0245995 0.0808258 0.0235336 0.0935481 0.0351742 0.0213972 0.0286345 0.0180045 0.0170697 0.0183397 0.123991 0.0153058 0.0149936 0.0304431 0.0459334 0.0584655 0.122358 0.0162456 0.0112658 0.0380267 0.010019 0.0120511 0.009619 0.0163472 0.00547626 0.00465889 0.00368807 0.00320609 0.00531339 0.00313436 0.00297046 0.00233543 0.00230011 0.0014113 0.00097882 0.000914904 0.00081131
threshold=12.914130210876467 333.00000000000006 279.00000000000006 1.0000000180025095e-35 1.0000000180025095e-35 -0.68301269412040699 1.0000000180025095e-35 0.028370221145451072 2024.5000000000002 0.047338936477899558 0.6078576147556306 0.68301269412040722 1.0000000180025095e-35 3.5000000000000004 233.00000000000003 0.011561079882085325 1.5000000000000002 2024.5000000000002 5.5000000000000009 4.5000000000000009 0.028778468258678917 1.0000000180025095e-35 0.25000000000000011 1.0000000180025095e-35 -0.68301269412040699 1.0000000180025095e-35 0.043244507163763053 446.00000000000006 0.25000000000000011 0.050000002607703216 2.5000000000000004 0.68301269412040722 -0.93301269412040699 0.6078576147556306 1.0000000180025095e-35 0.6078576147556306 1.0000000180025095e-35 1.0000000180025095e-35 1.0000000180025095e-35 5.5000000000000009 5.5000000000000009 0.25000000000000011 1.0000000180025095e-35 1.0000000180025095e-35 1.0000000180025095e-35 0.25000000000000011 1.0000000180025095e-35 3.5000000000000004 0.6078576147556306 0.050000002607703216 0.93301269412040722
decision_type=2 2 2 2 2 2 2 2 2 2 2 2 2 2 2 2 2 2 2 2 2 2 2 2 2 2 2 2 2 2 2 2 2 2 2 2 2 2 2 2 2 2 2 2 2 2 2 2 2 2 2
left_child=1 2 8 4 -4 6 7 -6 22 10 11 13 -13 -5 15 -10 17 -7 -18 20 -17 -2 32 24 -24 -26 27 38 34 30 31 -30 33 -1 -29 47 37 -16 44 -40 -25 -28 -43 -38 -3 -31 -41 -36 -44 -21 -34
right_child=21 26 3 9 5 16 -8 -9 14 -11 -12 12 -14 -15 36 19 18 -19 -20 49 -22 -23 23 40 25 -27 41 28 29 45 -32 -33 50 -35 35 -37 43 -39 39 46 -42 42 48 -45 -46 -47 -48 -49 -50 -51 -52
leaf_value=0.011452814734636049 0.014884321505110487 0.011806915733957559 0.017856660582259296 0.013618050838509211 0.011550144812484517 0.011544368105879702 0.01782963486190144 0.014861831923769683 0.014527443786915313 0.01143435865415285 0.011436430926821339 0.012825136513123135 0.015845677540463413 0.011493664437466663 0.011550144812484517 0.012697449926022857 0.011819939403680162 0.015364966192970687 0.013703836581547047 0.011435033366237326 0.011752789246443993 0.012560899717678282 0.015881473417135843 0.011414281534079434 0.011534738168765851 0.012321712150579003 0.011506279585220124 0.011503736471203115 0.013326909943076786 0.011975016765925623 0.015827849423907317 0.011757174292832696 0.011416729423747099 0.013764642549480864 0.01160835580669457 0.013209788506235057 0.011975016765925623 0.013245970288480194 0.011509613314054899 0.011687013240144655 0.011975016765925623 0.011553427045553224 0.011868808522271205 0.011422321446436777 0.012490869204070573 0.011491002340101876 0.01222049147516994 0.011979698069408318 0.012134922649983315 0.011975016765925623 0.011685639102716128
leaf_weight=66 28 31 30 20 29 30 34 20 38 87 84 31 29 43 29 198 124 30 30 86 124 21 21 133 137 108 635 154 23 23 38 46 478 24 31 21 26 24 432 43 22 175 101 155 25 44 36 29 51 22 124
leaf_count=66 28 31 30 20 29 30 34 20 38 87 84 31 29 43 29 198 124 30 30 86 124 21 21 133 137 108 635 154 23 23 38 46 478 24 31 21 26 24 432 43 22 175 101 155 25 44 36 29 51 22 124
internal_value=0.011975 0.0119524 0.0121327 0.0129542 0.013654 0.0132109 0.0149269 0.0128031 0.0118543 0.0121585 0.0124871 0.0132452 0.0143723 0.0120904 0.0120986 0.0123128 0.0125209 0.0133739 0.0121554 0.0121049 0.0123182 0.0139936 0.0116958 0.0119593 0.0121988 0.011902 0.0117231 0.0118683 0.0121896 0.0128114 0.0135434 0.0122093 0.0115427 0.0120151 0.0117503 0.0121573 0.0116916 0.0122249 0.0116278 0.0115746 0.0115163 0.011581 0.0117415 0.0115077 0.0120235 0.0117163 0.011975 0.0118707 0.011975 0.0115156 0.0114638
internal_weight=4423 4374 2436 621 327 297 83 49 1815 294 207 123 60 63 702 468 214 60 154 430 322 49 1113 421 266 245 1938 976 409 174 107 69 692 90 235 81 234 53 567 511 155 962 327 181 56 67 79 60 152 108 602
internal_count=4423 4374 2436 621 327 297 83 49 1815 294 207 123 60 63 702 468 214 60 154 430 322 49 1113 421 266 245 1938 976 409 174 107 69 692 90 235 81 234 53 567 511 155 962 327 181 56 67 79 60 152 108 602
is_linear=0
shrinkage=1


Tree=1
num_leaves=44
num_cat=0
split_feature=0 0 11 22 2 23 13 9 13 13 13 13 13 3 13 2 10 9 0 22 1 13 9 11 2 13 22 2 13 13 1 13 13 13 11 13 2 13 13 13 18 11 13
split_gain=0.1662 0.155445 0.112115 0.206572 0.120563 0.0660051 0.131452 0.057954 0.0553729 0.09472 0.0504902 0.331595 0.0460369 0.0545168 0.0361375 0.0400335 0.0511369 0.0730801 0.0973373 0.0292047 0.0376645 0.0243026 0.0181847 0.0471215 0.0158313 0.00766404 0.00763764 0.0087213 0.0394611 0.00757446 0.00744657 0.053781 0.00515675 0.0375825 0.00933852 0.0140161 0.0191643 0.0276805 0.00321596 0.00315899 0.00231674 0.00156979 0.000252239
threshold=483.50000000000006 412.00000000000006 1.0000000180025095e-35 1.0000000180025095e-35 7.5000000000000009 1.0000000180025095e-35 0.036537265405058868 1.0000000180025095e-35 0.037323381751775749 0.024681205861270431 0.03548723831772805 0.035041697323322303 0.0087082912214100378 2.5000000000000004 0.2482433617115021 5.5000000000000009 0.68301269412040722 -0.56174489110708226 311.00000000000006 1.0000000180025095e-35 2024.5000000000002 0.039043445140123374 1.0000000180025095e-35 0.68301269412040722 6.5000000000000009 0.51315790414810192 0.050000002607703216 10.500000000000002 0.040285360068082816 0.05115123093128205 2024.5000000000002 0.017814733088016513 0.018356281332671646 0.018133739009499553 -0.68301269412040699 0.0095739606767892855 5.5000000000000009 0.016415898688137535 0.045497672632336623 0.029646932147443298 1.5000000000000002 -0.25000000000000006 0.017628914676606659
decision_type=2 2 2 2 2 2 2 2 2 2 2 2 2 2 2 2 2 2 2 2 2 2 2 2 2 2 2 2 2 2 2 2 2 2 2 2 2 2 2 2 2 2 2
left_child=1 12 3 -3 7 6 -6 24 9 -9 11 22 13 -1 15 16 17 18 -14 20 -18 -19 -4 -24 -5 32 30 39 -29 -12 -17 -32 33 34 35 -2 37 -37 -21 -28 41 -34 -36
right_child=25 2 10 4 5 -7 -8 8 -10 -11 29 -13 14 -15 -16 26 19 21 -20 38 -22 -23 23 -25 -26 -27 27 28 -30 -31 31 -33 40 -35 42 36 -38 -39 -40 -41 -42 -43 -44
leaf_value=0.0031813961943515027 0.001247276569628597 0.0055885385078350176 -0.00054924269017130728 -0.00053421693742191625 0.0069528661293243119 0.0010820708252254902 0.0012205556647860126 -0.00037333651211871917 -0.00051222024485468858 0.0034666181480682077 -0.00056280876201358389 0.0067033219358649853 0.0042266526154282674 0 0.0020510188374509462 -0.00044125889010015318 -0.00019515063478864943 0.00065617054179428974 0.00074653591417295087 -0.00058520724960319924 0.0010343615937649221 -0.00035021222066427144 -0.0004330528771663167 0.0024077837383656791 0.00069273804975116362 0.00043987539609378402 0.00010570607386356176 0.002115562941909949 -0.00045065917675533602 0.00035917816072035189 0.0023050723606235046 -0.00036643109989855358 -0.00033785001402375725 0.0017276072858538464 -0.00044311250132055566 0.0019696322429874637 -0.00053854205472331652 -0.00039823573394531038 -0.00015754585831292067 -0.00038972925950786968 0 -0.00049759717586839495 0
leaf_weight=25 20 30 76 89 22 38 23 21 22 47 127 21 30 29 21 522 145 126 76 178 103 108 34 23 35 25 30 24 34 20 21 169 603 23 401 22 109 22 109 87 26 686 21
leaf_count=25 20 30 76 89 22 38 23 21 22 47 127 21 30 29 21 522 145 126 76 178 103 108 34 23 35 25 30 24 34 20 21 169 603 23 401 22 109 22 109 87 26 686 21
internal_value=0 0.00027315 0.000952513 0.00159612 0.00117427 0.00280481 0.00414309 0.000517499 0.00148813 0.00220852 0.000236406 0.000879269 3.8141e-05 0.00147532 -2.66158e-06 -3.00904e-05 0.000206641 0.000687794 0.00178166 -8.98661e-05 0.000295551 0.000170377 -7.09743e-06 0.000627893 -0.00014733 -0.000343897 -0.000269252 0 0.000526981 -0.000403219 -0.000342238 -4.38005e-05 -0.000356643 -0.000219452 -0.000303396 0 -0.000156937 0.000674101 -0.000440312 -0.000220014 -0.000417294 -0.000426777 -0.000430216
internal_weight=4423 2465 628 327 297 83 45 214 90 68 301 154 1837 54 1783 1762 875 340 106 535 248 234 133 57 124 1958 887 175 58 147 712 190 1933 618 595 173 153 44 287 117 1315 1289 422
internal_count=4423 2465 628 327 297 83 45 214 90 68 301 154 1837 54 1783 1762 875 340 106 535 248 234 133 57 124 1958 887 175 58 147 712 190 1933 618 595 173 153 44 287 117 1315 1289 422
is_linear=0
shrinkage=0.05


end of trees

feature_importances:
liaison_cible_encodage_ventes=19
JourSemaine=11
mois_cos=10
jour_semaine_sin=8
rolling_mean_30_ventes=8
mois_sin=7
interaction_jour_liaison_ventes=6
Mois=5
Annee=4
jour_semaine_cos=4
liaison_frequence=4
LiaisonId_code=3
rolling_std_30_ventes=2
lag_30_ventes=1
rolling_mean_14_ventes=1
rolling_std_7_ventes=1

parameters:
[boosting: gbdt]
[objective: regression]
[metric: rmse,l2]
[tree_learner: serial]
[device_type: cpu]
[data_sample_strategy: bagging]
[data: ]
[valid: ]
[num_iterations: 1000]
[learning_rate: 0.05]
[num_leaves: 63]
[num_threads: 2]
[seed: 42]
[deterministic: 1]
[force_col_wise: 0]
[force_row_wise: 1]
[histogram_pool_size: -1]
[max_depth: 8]
[min_data_in_leaf: 20]
[min_sum_hessian_in_leaf: 0.001]
[bagging_fraction: 0.8]
[pos_bagging_fraction: 1]
[neg_bagging_fraction: 1]
[bagging_freq: 0]
[bagging_seed: 400]
[bagging_by_query: 0]
[feature_fraction: 0.8]
[feature_fraction_bynode: 1]
[feature_fraction_seed: 30056]
[extra_trees: 0]
[extra_seed: 12879]
[early_stopping_round: 0]
[early_stopping_min_delta: 0]
[first_metric_only: 0]
[max_delta_step: 0]
[lambda_l1: 0.1]
[lambda_l2: 0.1]
[linear_lambda: 0]
[min_gain_to_split: 0]
[drop_rate: 0.1]
[max_drop: 50]
[skip_drop: 0.5]
[xgboost_dart_mode: 0]
[uniform_drop: 0]
[drop_seed: 17869]
[top_rate: 0.2]
[other_rate: 0.1]
[min_data_per_group: 100]
[max_cat_threshold: 32]
[cat_l2: 10]
[cat_smooth: 10]
[max_cat_to_onehot: 4]
[top_k: 20]
[monotone_constraints: ]
[monotone_constraints_method: basic]
[monotone_penalty: 0]
[feature_contri: ]
[forcedsplits_filename: ]
[refit_decay_rate: 0.9]
[cegb_tradeoff: 1]
[cegb_penalty_split: 0]
[cegb_penalty_feature_lazy: ]
[cegb_penalty_feature_coupled: ]
[path_smooth: 0]
[interaction_constraints: ]
[verbosity: 1]
[saved_feature_importance_type: 0]
[use_quantized_grad: 0]
[num_grad_quant_bins: 4]
[quant_train_renew_leaf: 0]
[stochastic_rounding: 1]
[linear_tree: 0]
[max_bin: 255]
[max_bin_by_feature: ]
[min_data_in_bin: 3]
[bin_construct_sample_cnt: 200000]
[data_random_seed: 175]
[is_enable_sparse: 1]
[enable_bundle: 1]
[use_missing: 1]
[zero_as_missing: 0]
[feature_pre_filter: 1]
[pre_partition: 0]
[two_round: 0]
[header: 0]
[label_column: ]
[weight_column: ]
[group_column: ]
[ignore_column: ]
[categorical_feature: ]
[forcedbins_filename: ]
[precise_float_parser: 0]
[parser_config_file: ]
[objective_seed: 16083]
[num_class: 1]
[is_unbalance: 0]
[scale_pos_weight: 1]
[sigmoid: 1]
[boost_from_average: 1]
[reg_sqrt: 0]
[alpha: 0.9]
[fair_c: 1]
[poisson_max_delta_step: 0.7]
[tweedie_variance_power: 1.5]
[lambdarank_truncation_level: 30]
[lambdarank_norm: 1]
[label_gain: ]
[lambdarank_position_bias_regularization: 0]
[eval_at: ]
[multi_error_top_k: 1]
[auc_mu_weights: ]
[num_machines: 1]
[local_listen_port: 12400]
[time_out: 120]
[machine_list_filename: ]
[machines: ]
[gpu_platform_id: -1]
[gpu_device_id: -1]
[gpu_use_dp: 0]
[num_gpu: 1]

end of parameters

pandas_categorical:[]
