tree
version=v4
num_class=1
num_tree_per_iteration=1
label_index=0
max_feature_idx=25
objective=regression
feature_names=LiaisonId_code Annee Mois JourSemaine EstWeekend EstFerie EstRamadan EstVacances jour_semaine_sin jour_semaine_cos mois_sin mois_cos liaison_frequence liaison_cible_encodage_ventes interaction_jour_liaison_ventes lag_1_ventes lag_7_ventes lag_14_ventes lag_30_ventes lag_365_ventes rolling_mean_7_ventes rolling_mean_14_ventes rolling_mean_30_ventes rolling_std_7_ventes rolling_std_14_ventes rolling_std_30_ventes
feature_infos=[310:1109] [2024:2025] [1:12] [0:6] [0:1] [0:1] [0:1] none [-0.97492791218182362:0.97492791218182362] [-0.90096886790241903:1] [-1:1] [-1:1] [1408:3660] [0.0082644628099173556:0.22637362637362637] [0:0.32692307692307693] [0:2] [0:3] [0:3] [0:3] [0:5] [0:0.71428573131561279] [0:0.71428573131561279] [0:0.46666666865348816] [0:1.1338933706283569] [0:0.93761444091796875] [0:0.73029673099517822]
tree_sizes=1857 1822 1911 1992 2068 1974 2237 1728 2172 2084 2186 1966

Tree=0
num_leaves=20
num_cat=0
split_feature=0 13 14 13 2 3 14 14 22 14 9 13 13 13 10 13 22 13 13
split_gain=0.460621 0.553022 0.328356 0.324436 0.25165 0.265268 0.0986779 0.12261 0.0752417 0.0344047 0.0388241 0.0704393 0.0593779 0.0184715 0.0608968 0.0130114 0.00430711 0.00413371 0.00147785
threshold=488.00000000000006 0.037288369525211633 0.028778467908902695 0.034285994171381 5.5000000000000009 3.5000000000000004 0.040956108470785575 0.048980407836865261 1.0000000180025095e-35 0.045715778474399171 -0.56174490092936669 0.0403124238238401 0.038993957419115481 0.024291641315066198 -0.6830127018922193 0.0095770212635859202 0.050000002607703216 0.029836330736424416 0.016997303543913714
decision_type=2 2 2 2 2 2 2 2 2 2 2 2 2 2 2 2 2 2 2
left_child=1 2 3 4 5 -1 17 -8 -6 10 11 -3 -12 14 -2 -16 -11 -4 -17
right_child=13 9 6 -5 8 -7 7 -9 -10 16 12 -13 -14 -15 15 18 -18 -19 -20
leaf_value=0.042647690442547403 0.034285698622200537 0.031747216630720401 0.031219104410360743 0.041506823285554974 0.035462647024489057 0.034353851685920589 0.03783603785744015 0.032661659318240888 0.031990207123293396 0.031157118665167224 0.034311991382789425 0.035415631726324184 0.031287949529112333 0.031310711137985295 0.032661659318240888 0.031208292030875884 0.032086116464644571 0.032529238560946597 0.031828179784819305
leaf_weight=21 24 21 27 33 27 21 20 29 33 66 20 29 68 285 26 75 43 20 84
leaf_count=21 24 21 27 33 27 21 20 29 33 66 20 29 68 285 26 75 43 20 84
internal_value=0.0326617 0.0337681 0.0355295 0.037124 0.0356498 0.0386334 0.0332328 0.0348337 0.0334717 0.0321405 0.0326617 0.0337763 0.0320331 0.0315911 0.0319978 0.0316733 0.0314769 0.031669 0.0315036
internal_weight=972 478 231 135 102 42 96 49 60 247 138 50 88 494 209 185 109 47 159
internal_count=972 478 231 135 102 42 96 49 60 247 138 50 88 494 209 185 109 47 159
is_linear=0
shrinkage=1


Tree=1
num_leaves=19
num_cat=0
split_feature=0 14 0 14 8 14 14 9 14 2 22 14 10 3 2 2 14 14
split_gain=0.415881 0.457835 0.198071 0.317672 0.460414 0.0961244 0.304896 0.0857254 0.156176 0.0488754 0.0375331 0.0148386 0.0228499 0.0122675 0.00311357 0.00461419 0.00133498 0.00121749
threshold=488.00000000000006 0.011050061050061052 353.50000000000006 0.023669467787114849 1.0000000180025095e-35 0.038218111002921142 0.049691358024691365 -0.56174490092936669 0.033150183150183157 8.5000000000000018 1.0000000180025095e-35 0.035504201680672275 -0.6830127018922193 1.0000000180025095e-35 3.5000000000000004 1.5000000000000002 0.011173533083645446 0.014389233954451347
decision_type=2 2 2 2 2 2 2 2 2 2 2 2 2 2 2 2 2 2
left_child=1 -1 7 4 -4 -5 -7 8 -3 14 -10 12 -2 -14 15 -9 -15 -18
right_child=11 2 3 5 -6 6 -8 9 10 -11 -12 -13 13 16 -16 -17 17 -19
leaf_value=0.0063228004795359812 0.00035057452881275241 0.0048104715767488659 0.0013034872710704804 -0.001293810349028961 0.010913718106904866 0.0066908072226157236 -0.00098141862838761209 -0.001219866236115431 0.0011492171005244827 0.00072766562015059186 -0.0011031230433177473 -0.0012787718232570671 0 -0.0013992623400525001 -0.0014474511319857155 -2.4336856889548767e-05 -0.00021683669572835292 -0.00095646316955641921
leaf_weight=38 39 21 34 47 21 20 34 23 34 37 40 279 22 62 102 27 28 64
leaf_count=38 39 21 34 47 21 20 34 23 34 37 40 279 22 62 102 27 28 64
internal_value=0 0.00105111 0.000583131 0.00201671 0.00507674 0.000297531 0.00177484 -0.000187162 0.00101424 -0.000817699 -6.33346e-07 -0.00101744 -0.000654633 -0.000905843 -0.00122698 -0.000675418 -0.00106617 -0.000786128
internal_weight=972 478 440 156 55 101 54 284 95 189 74 494 215 176 152 50 154 92
internal_count=972 478 440 156 55 101 54 284 95 189 74 494 215 176 152 50 154 92
is_linear=0
shrinkage=0.05


Tree=2
num_leaves=20
num_cat=0
split_feature=0 13 3 0 9 11 13 25 11 11 0 25 13 2 2 13 9 3 9
split_gain=0.375651 0.466304 0.20975 0.2711 0.0774701 0.0897825 0.171043 0.0395014 0.0363457 0.0313949 0.0616034 0.0252822 0.0154145 0.0289402 0.0392813 0.00833896 0.0111908 0.00745145 0.00154419
threshold=488.00000000000006 0.037288369525211633 1.5000000000000002 312.50000000000006 -0.22252093395631442 -0.68301270189221952 0.034285994171381 1.0000000180025095e-35 0.6830127018922193 -0.68301270189221952 414.50000000000006 1.0000000180025095e-35 0.024291641315066198 6.5000000000000009 10.500000000000002 0.041038272072754838 -0.22252093395631442 2.5000000000000004 -0.56174490092936669
decision_type=2 2 2 2 2 2 2 2 2 2 2 2 2 2 2 2 2 2 2
left_child=1 2 3 -1 5 -4 8 -6 -7 18 11 -11 13 -2 17 16 -13 -15 -3
right_child=12 9 4 -5 7 6 -8 -9 -10 10 -12 15 -14 14 -16 -17 -18 -19 -20
leaf_value=3.6096849029336857e-06 -0.0010591861487479518 -0.00053866733332951573 0.0047237592137119849 0.0072785476133936933 0.0017230232234626886 -0.0015556628766115025 0.0045131859843523048 -0.0008881848719384935 0.0011724500921531697 0.001083524813365877 0.0024436879497003777 0.0004724212673555807 -0.0012244074778292905 0.0001985034826605474 -0.00099386101701049996 -0.0011208821683271807 -0.0010429144876686882 0.0018930371286035664 -0.0014611003510122632
leaf_weight=20 129 27 32 44 24 28 28 35 20 20 21 25 285 20 38 70 21 22 63
leaf_count=20 129 27 32 44 24 28 28 35 20 20 21 25 285 20 38 70 21 22 63
internal_value=0 0.000998823 0.00261667 0.00508668 0.00163767 0.00243576 0.00140174 9.05173e-05 -0.000314925 -0.000494432 -3.42514e-05 -0.000455126 -0.000967131 -0.00059197 9.9375e-05 -0.000764182 -0.000111664 0.00120727 -0.00124077
internal_weight=972 478 231 64 167 108 76 59 48 247 157 136 494 209 80 116 46 42 90
internal_count=972 478 231 64 167 108 76 59 48 247 157 136 494 209 80 116 46 42 90
is_linear=0
shrinkage=0.05


Tree=3
num_leaves=21
num_cat=0
split_feature=0 14 14 0 14 8 14 14 14 10 21 10 14 14 10 3 22 14 14 11
split_gain=0.339473 0.393609 0.170534 0.168523 0.160329 0.0917693 0.0732553 0.0410983 0.0731269 0.179981 0.168697 0.0277338 0.0141598 0.0118699 0.01899 0.0110824 0.00284472 0.00119307 0.00115405 0.000182732
threshold=488.00000000000006 0.011050061050061052 0.028778467908902695 414.50000000000006 0.024243314722303854 1.0000000180025095e-35 0.018693221523410204 0.03468323977546111 0.048980407836865261 -0.24999999999999994 1.0000000180025095e-35 -0.24999999999999994 0.016530054644808747 0.035504201680672275 -0.6830127018922193 1.0000000180025095e-35 1.0000000180025095e-35 0.011173533083645446 0.013606071825249909 0.25000000000000017
decision_type=2 2 2 2 2 2 2 2 2 2 2 2 2 2 2 2 2 2 2 2
left_child=1 -1 3 4 5 12 -7 -4 9 16 -11 -10 -3 14 -2 -16 -9 -17 -19 -13
right_child=13 2 7 -5 -6 6 -8 8 11 10 -12 19 -14 -15 15 17 -18 18 -20 -21
leaf_value=0.0058384239986499784 0.00032014760338818025 -0.0015910816250069072 -0.001548054221782325 0.0047846969784390569 0.0049887555016584657 0.0038193190397767273 0 -0.0014562570519441934 0.00026856158681796245 0.0056788779571140344 -4.8020293018711133e-05 -0.0014755801986367164 0 -0.0011547661859349259 3.053437480155158e-05 -0.0012880844794417733 -0.00035149860360518911 -3.5129708993197656e-05 -0.00082071700615190938 -0.00063810966207862346
leaf_weight=38 39 44 49 37 20 23 22 22 37 29 20 59 20 279 22 62 31 20 72 27
leaf_count=38 39 44 49 37 20 23 22 22 37 29 20 59 20 279 22 62 31 20 72 27
internal_value=0 0.000950103 0.000515338 0.00178309 0.000880389 7.68495e-05 0.00184683 -0.000234842 2.9495e-05 0.00103991 0.0032442 -0.00076796 -0.0010906 -0.000918787 -0.000588923 -0.000818825 -0.000906118 -0.000972549 -0.00070445 -0.00127177
internal_weight=972 478 440 166 129 109 45 274 225 102 49 123 64 494 215 176 53 154 92 86
internal_count=972 478 440 166 129 109 45 274 225 102 49 123 64 494 215 176 53 154 92 86
is_linear=0
shrinkage=0.05


Tree=4
num_leaves=22
num_cat=0
split_feature=0 13 14 13 10 3 14 14 22 11 0 9 14 13 10 13 22 13 13 13 9
split_gain=0.306096 0.400555 0.256059 0.260405 0.237243 0.228064 0.0785367 0.0943477 0.0574201 0.0302414 0.0544236 0.0220733 0.0351484 0.01293 0.0457544 0.0115737 0.00338411 0.00256803 0.0016856 0.000778387 0.000585258
threshold=488.00000000000006 0.037288369525211633 0.028778467908902695 0.034285994171381 0.25000000000000011 3.5000000000000004 0.040956108470785575 0.048980407836865261 1.0000000180025095e-35 -0.68301270189221952 414.50000000000006 -0.22252093395631442 0.043244506778868638 0.024291641315066198 -0.6830127018922193 0.0095770212635859202 0.083333335816860213 0.029836330736424416 0.016997303543913714 0.02057196902903128 -0.56174490092936669
decision_type=2 2 2 2 2 2 2 2 2 2 2 2 2 2 2 2 2 2 2 2 2
left_child=1 2 3 4 8 -6 17 -8 -1 20 11 12 -11 14 -2 -16 -13 -4 -17 -20 -3
right_child=13 9 6 -5 5 -7 7 -9 -10 10 -12 16 -14 -15 15 18 -18 -19 19 -21 -22
leaf_value=0.0021365091397093669 0.0014506742559156974 -0.00056777690293274244 -0.0014208893721229035 0.0077372709835043857 0.0090897710879125869 0.0013866901291772653 0.0044376901503819137 0 -0.000922521516635699 0.001246466097544949 0.0022975701688660827 -0.0012648778660626285 -0.0011703765661266335 -0.0011100093939666064 0 -0.0012531229844205231 -0.00018029246074716427 -0.00023552269318062271 -0.00030217441749207834 -0.00093092100457880557 -0.0014103795760407123
leaf_weight=27 24 27 27 33 21 21 20 29 33 37 21 53 24 285 26 75 22 20 44 40 63
leaf_count=27 24 27 27 33 21 21 20 29 33 37 21 53 24 285 26 75 22 20 44 40 63
internal_value=0 0.000901254 0.00240114 0.00380845 0.00248205 0.00536944 0.000368194 0.00180496 0.000372112 -0.000481646 -2.94903e-05 -0.000426978 0.000213385 -0.000873383 -0.000526423 -0.000810568 -0.00101397 -0.00102421 -0.000972755 -0.000661781 -0.001214
internal_weight=972 478 231 135 102 42 96 49 60 247 157 136 61 494 209 185 75 47 159 84 90
internal_count=972 478 231 135 102 42 96 49 60 247 157 136 61 494 209 185 75 47 159 84 90
is_linear=0
shrinkage=0.05


Tree=5
num_leaves=21
num_cat=0
split_feature=0 13 14 13 13 13 11 13 13 9 14 2 2 13 10 13 14 13 14 11
split_gain=0.276144 0.363632 0.291445 0.643973 0.246848 0.0950738 0.114159 0.146288 0.0572236 0.0312813 0.0291642 0.0469323 0.0290993 0.0114994 0.041464 0.0106546 0.00386198 0.00203596 0.00401545 0.000511034
threshold=488.00000000000006 0.03886203985532502 0.023669467787114849 0.035210868147139744 0.015416380195733919 0.035511042131470889 -0.68301270189221952 0.031190872185560745 0.026519369395768624 -0.56174490092936669 0.045715778474399171 6.5000000000000009 5.5000000000000009 0.024291641315066198 -0.6830127018922193 0.0095770212635859202 0.014185110663983905 0.019472619837583343 0.01739261947973382 0.25000000000000017
decision_type=2 2 2 2 2 2 2 2 2 2 2 2 2 2 2 2 2 2 2 2
left_child=1 2 3 4 -1 6 -4 -8 -6 10 11 -3 -7 14 -2 -16 -17 18 -18 -11
right_child=13 9 5 -5 8 12 7 -9 -10 19 -12 -13 -14 -15 15 16 17 -19 -20 -21
leaf_value=0.0061176038876608694 0.0013784416421815074 0.0026488642735044339 0.0045423263201556825 0.010443801805377007 -0.0012649232037703077 -0.0017528302028694883 -0.0014942945785120002 0.0038258787744970459 0.0016587675456239015 -0.0012206013098532546 -0.0012521602345798254 -0.00043245527038584543 0.00025271692535313 -0.0010545283784160161 0 -0.0012460080665868927 0 -5.3147921147190518e-05 -0.00119695287741376 -0.00060493505194353695
leaf_weight=24 24 22 25 29 33 37 35 20 33 103 21 23 28 285 26 78 21 32 28 45
leaf_count=24 24 22 25 29 33 37 35 20 33 103 21 23 28 285 26 78 21 32 28 45
internal_value=0 0.000855307 0.00210117 0.0039411 0.00178103 0.000555025 0.00172862 0.000353002 0.000121577 -0.000658557 0.000183504 0.000965636 -0.000813036 -0.000830269 -0.000500191 -0.000771531 -0.000927338 -0.000557661 -0.000784526 -0.0010677
internal_weight=972 478 264 119 90 145 80 55 66 214 66 45 65 494 209 185 159 81 49 148
internal_count=972 478 264 119 90 145 80 55 66 214 66 45 65 494 209 185 159 81 49 148
is_linear=0
shrinkage=0.05


Tree=6
num_leaves=24
num_cat=0
split_feature=0 13 14 13 2 3 14 14 25 10 2 25 13 13 10 3 14 3 2 13 3 2 13
split_gain=0.249455 0.333651 0.21251 0.2128 0.211285 0.201426 0.0683132 0.0854876 0.0502254 0.0253711 0.0254364 0.036246 0.0125322 0.010302 0.0275697 0.0068767 0.00897306 0.00287125 0.00792312 0.0016395 0.00146981 0.00193992 0.000366384
threshold=488.00000000000006 0.037288369525211633 0.028778467908902695 0.034285994171381 5.5000000000000009 3.5000000000000004 0.040956108470785575 0.048980407836865261 1.0000000180025095e-35 -0.6830127018922193 3.5000000000000004 0.21814115345478061 0.039352210323180113 0.013382907026109107 -0.24999999999999994 3.5000000000000004 0.040956108470785575 5.5000000000000009 6.5000000000000009 0.029836330736424416 1.0000000180025095e-35 6.5000000000000009 0.0092939692849862681
decision_type=2 2 2 2 2 2 2 2 2 2 2 2 2 2 2 2 2 2 2 2 2 2 2
left_child=1 2 3 4 5 -1 19 -8 -6 12 11 -11 -3 14 -2 -12 -17 20 -19 -4 21 -15 -16
right_child=13 9 6 -5 8 -7 7 -9 -10 10 15 -13 -14 17 22 16 -18 18 -20 -21 -22 -23 -24
leaf_value=0.0084775771045289324 0.0007462407158552155 0.0014826191987712585 -0.0013202187560526209 0.007023012335341864 0.0019224515054168734 0.0012236257997381178 0.0041745558362546844 0 -0.00094514176069429633 0.0017063662046929457 -0.0014276235814342339 -0.000838094256556104 0 -0.00084869187471974894 -0.00030574775833766256 0.00010968850157554679 -0.00099112264338202614 -0.00092935676855797128 9.9933479144516198e-05 -0.00024486722248555413 -0.0010551202169049934 -4.6993308914113665e-05 -0.0011927799826282055
leaf_weight=21 37 20 27 33 27 21 20 29 33 23 80 34 29 31 20 21 40 34 25 20 280 30 37
leaf_count=21 37 20 27 33 27 21 20 29 33 23 80 34 29 31 20 21 40 34 25 20 280 30 37
internal_value=0 0.000812243 0.00218155 0.00346389 0.00225768 0.00498089 0.000324511 0.00166772 0.000263132 -0.000448496 -0.00071148 0.000102242 0.000511628 -0.000789805 -0.000241362 -0.00107571 -0.000530763 -0.0009061 -0.000409183 -0.000970271 -0.000977273 -0.000536969 -0.000970187
internal_weight=972 478 231 135 102 42 96 49 60 247 198 57 49 494 94 141 61 400 59 47 341 61 57
internal_count=972 478 231 135 102 42 96 49 60 247 198 57 49 494 94 141 61 400 59 47 341 61 57
is_linear=0
shrinkage=0.05


Tree=7
num_leaves=18
num_cat=0
split_feature=0 15 14 24 0 14 2 9 14 14 11 10 20 3 11 3 22
split_gain=0.225605 0.346481 0.177812 0.149925 0.236456 0.373031 0.0682911 0.0443459 0.0522865 0.0218082 0.0165275 0.00841052 0.0322983 0.0034659 0.00875171 0.00345796 0.00183787
threshold=488.00000000000006 1.0000000180025095e-35 0.011050061050061052 1.0000000180025095e-35 414.50000000000006 0.048980407836865261 3.5000000000000004 1.0000000180025095e-35 0.037268518518518527 0.055867665418227221 -0.9330127018922193 -0.6830127018922193 1.0000000180025095e-35 1.0000000180025095e-35 -0.5 3.5000000000000004 1.0000000180025095e-35
decision_type=2 2 2 2 2 2 2 2 2 2 2 2 2 2 2 2 2
left_child=1 2 -1 4 6 -6 -4 8 -8 10 -5 12 -2 14 -13 -12 -15
right_child=11 -3 3 9 5 -7 7 -9 -10 -11 15 13 -14 16 -16 -17 -18
leaf_value=0.0038029283275099776 0.00095652234668022371 0.0072148333095125297 0.0021564062826794259 0 0.0068920760737974556 -0.0014353935129532767 0.0016041083335711264 -0.0013590635722818007 -0.00071026315827093676 3.0723730117660473e-05 -0.0017371996401310279 0.0001995922924444022 -0.0010455036146413839 -0.00056683866626389601 -0.00087536152970446699 -0.00079033041892149266 -0.001025538722051201
leaf_weight=37 32 20 34 22 36 20 45 62 50 36 77 26 50 88 38 39 260
leaf_count=37 32 20 34 22 36 20 45 62 50 36 77 26 50 88 38 39 260
internal_value=0 0.000771666 0.000477877 0.000172944 0.000974704 0.0038316 0.00010935 -0.000303226 0.000333976 -0.000936373 -0.0012247 -0.000751869 -0.00020311 -0.000848879 -0.000361028 -0.00146288 -0.000924105
internal_weight=972 478 458 421 247 56 191 157 95 174 138 494 82 412 64 116 348
internal_count=972 478 458 421 247 56 191 157 95 174 138 494 82 412 64 116 348
is_linear=0
shrinkage=0.05


Tree=8
num_leaves=23
num_cat=0
split_feature=13 0 13 12 13 2 13 0 10 13 13 6 9 10 13 13 13 13 2 13 13 13
split_gain=0.206609 0.28289 0.148797 0.0975085 0.169338 0.27641 0.101674 0.140297 0.257613 0.0421681 0.0232465 0.0174667 0.0269862 0.0112724 0.026451 0.00966171 0.00702458 0.021162 0.00911151 0.00083561 0.00303598 0.000773972
threshold=0.03886203985532502 488.00000000000006 0.014480417363520634 2130.0000000000005 0.035511042131470889 5.5000000000000009 0.029656340321034157 353.50000000000006 0.68301270189221941 0.037005913476501721 0.017287755115594848 1.0000000180025095e-35 -0.22252093395631442 -0.6830127018922193 0.024920880957864423 0.0095770212635859202 0.041905141296218022 0.04002967359050446 8.5000000000000018 0.014480417363520634 0.018260209137977348 0.045825033200531211
decision_type=2 2 2 2 2 2 2 2 2 2 2 2 2 2 2 2 2 2 2 2 2 2
left_child=1 2 -1 6 -5 9 7 8 -4 -6 -9 16 -13 14 -3 -15 17 -2 -19 -17 -21 -18
right_child=11 13 3 4 5 -7 -8 10 -10 -11 -12 12 -14 15 -16 19 21 18 -20 20 -22 -23
leaf_value=0.0060500849807514478 -0.0013018541539696385 0.001242359999524451 0.0071529194122660752 0.0053776017671394215 -0.0026157452508367295 0.00424000151283187 -0.001858079040701613 0.00043265030288429401 -0.0003704249152640031 0.00017129640355353104 -0.0017790277332606899 0.0015343481257780274 -0.0010187990064570559 3.5752206184398161e-05 -0.001113692972967975 -0.0011708079456665644 -0.0013153066945456951 0.00063924118352439406 -0.00060329067551694211 0 -0.00079318937897921707 -0.00086378846294348627
leaf_weight=20 40 26 22 36 27 41 34 20 21 21 22 20 20 26 21 53 75 39 21 29 87 251
leaf_count=20 40 26 22 36 27 41 34 20 21 21 22 20 20 26 21 53 75 39 21 29 87 251
internal_value=0 0.000696837 0.00183269 0.00146418 0.00244703 0.0012008 0.000388605 0.00134716 0.00337038 -0.00129464 -0.000608557 -0.000762184 0.000133729 -0.000521865 8.33689e-05 -0.000693338 -0.000858053 -0.000398996 0.00012088 -0.000835029 -0.00063767 -0.00098337
internal_weight=972 506 264 244 125 89 119 85 43 48 42 466 40 242 47 195 426 100 60 169 116 326
internal_count=972 506 264 244 125 89 119 85 43 48 42 466 40 242 47 195 426 100 60 169 116 326
is_linear=0
shrinkage=0.05


Tree=9
num_leaves=22
num_cat=0
split_feature=13 0 13 12 13 11 13 11 9 22 6 9 10 13 13 13 13 11 13 13 13
split_gain=0.186671 0.255967 0.134023 0.0883319 0.152414 0.250483 0.163583 0.101026 0.092236 0.0226865 0.0157783 0.0243925 0.0101919 0.0238979 0.00890661 0.00619912 0.0190807 0.00458229 0.000730119 0.00230336 0.000512853
threshold=0.03886203985532502 488.00000000000006 0.014480417363520634 2130.0000000000005 0.035511042131470889 1.0000000180025095e-35 0.037288369525211633 -0.68301270189221952 -0.22252093395631442 1.0000000180025095e-35 1.0000000180025095e-35 -0.22252093395631442 -0.6830127018922193 0.024920880957864423 0.0095770212635859202 0.041905141296218022 0.04002967359050446 -0.24999999999999994 0.016997303543913714 0.02057196902903128 0.045825033200531211
decision_type=2 2 2 2 2 2 2 2 2 2 2 2 2 2 2 2 2 2 2 2 2
left_child=1 2 -1 7 -5 6 -6 8 -4 -9 15 -12 13 -3 -14 16 -2 -18 -16 -20 -17
right_child=10 12 3 4 5 -7 -8 9 -10 -11 11 -13 14 -15 18 20 17 -19 19 -21 -22
leaf_value=0.0057490858847080769 -0.001236923772405062 0.0011804799410118456 0.0043480660781820774 0.005109466537007664 0.0060694266028179893 -0.0020633323611611992 0.00035397087694644049 0 0 -0.0016889286744925709 0.0014580124203782919 -0.00096811247730062386 3.3971472818161777e-05 -0.0010582722043750974 -0.001034257036649911 -0.0012496289361848655 0.00058654931963831669 -0.00022645543595052665 -0.00013379299181118573 -0.00081990878367257458 -0.00082061623334000989
leaf_weight=20 40 26 24 36 27 35 27 36 24 35 20 20 26 21 75 75 31 29 44 50 251
leaf_count=20 40 26 24 36 27 35 27 36 24 35 20 20 26 21 75 75 31 29 44 50 251
internal_value=0 0.000661654 0.00174232 0.00139119 0.00232696 0.00114087 0.00331006 0.000365126 0.00216299 -0.000781339 -0.000725178 0.000120873 -0.000496831 7.39062e-05 -0.000659988 -0.000816364 -0.000379109 0.000110679 -0.000796277 -0.000552367 -0.000935001
internal_weight=972 506 264 244 125 89 54 119 48 71 466 40 242 47 195 426 100 60 169 94 326
internal_count=972 506 264 244 125 89 54 119 48 71 466 40 242 47 195 426 100 60 169 94 326
is_linear=0
shrinkage=0.05


Tree=10
num_leaves=23
num_cat=0
split_feature=0 15 13 13 13 10 22 14 14 11 21 13 3 13 10 13 23 11 13 3 22 25
split_gain=0.169746 0.313625 0.215956 0.121573 0.164006 0.242609 0.0959443 0.173773 0.0627839 0.0267892 0.0395917 0.099678 0.00844791 0.00807711 0.0229415 0.00800157 0.00663871 0.00296755 0.00229383 0.00131337 0.00257912 0.00119063
threshold=488.00000000000006 1.0000000180025095e-35 0.014480417363520634 0.036777001770607921 0.035210868147139744 0.68301270189221941 1.0000000180025095e-35 0.028778467908902695 0.026846846846846854 -0.68301270189221952 1.0000000180025095e-35 0.04453516575692841 3.5000000000000004 0.013382907026109107 -0.24999999999999994 0.041798154360745826 1.0000000180025095e-35 0.93301270189221952 0.04246535314743697 5.5000000000000009 1.0000000180025095e-35 0.35544712841510778
decision_type=2 2 2 2 2 2 2 2 2 2 2 2 2 2 2 2 2 2 2 2 2 2
left_child=1 2 -1 4 6 -6 7 -4 -8 15 11 -11 18 14 -2 -5 -14 19 -12 20 -15 -21
right_child=13 -3 3 9 5 -7 8 -9 -10 10 12 -13 16 17 -16 -17 -18 -19 -20 21 -22 -23
leaf_value=0.0054630615058081653 0.00073540730557512411 0.0067966151834275585 0.0042854516131577087 -0.0016056202019758389 0.0071853616100994878 0 -0.0021444129507716108 -0.00098949054594141728 0.00061437767490613504 0.0027934220291650925 -0.0015321736030083945 -0.0012904106921220191 0.00038410321902042311 -0.00017243485984414124 -0.00083494995281935356 -0.00042799123665794852 -0.00082827263896293314 -0.00011932128586639196 -0.00036188619887799172 -0.00061989602543769849 -0.00091614397681021812 0
leaf_weight=20 37 20 32 61 24 24 45 28 34 32 34 26 21 30 57 37 20 35 20 25 283 27
leaf_count=20 37 20 32 61 24 24 45 28 34 32 34 26 21 30 57 37 20 35 20 25 283 27
internal_value=0 0.000668275 0.000388322 0.000143991 0.0011178 0.00364126 0.000208451 0.00174307 -0.000894599 -0.000561758 -0.000111532 0.00087761 -0.000768294 -0.000653249 -0.000163571 -0.00121286 -8.62215e-05 -0.000755757 -0.00119263 -0.000803041 -0.000860909 -0.000357766
internal_weight=972 478 458 438 187 48 139 60 79 251 153 58 95 494 94 98 41 400 54 365 313 52
internal_count=972 478 458 438 187 48 139 60 79 251 153 58 95 494 94 98 41 400 54 365 313 52
is_linear=0
shrinkage=0.05


Tree=11
num_leaves=21
num_cat=0
split_feature=0 15 21 0 3 2 11 9 9 22 2 22 2 21 2 3 0 9 8 22
split_gain=0.153493 0.283204 0.129755 0.1487 0.182538 0.110961 0.0529867 0.0525047 0.0416798 0.0306908 0.0247015 0.0163916 0.00618772 0.0137769 0.0387993 0.00545874 0.00433286 0.00379959 0.00334902 0.000232974
threshold=488.00000000000006 1.0000000180025095e-35 1.0000000180025095e-35 353.50000000000006 1.5000000000000002 7.5000000000000009 -0.24999999999999994 -0.56174490092936669 -0.56174490092936669 1.0000000180025095e-35 10.500000000000002 0.050000002607703216 6.5000000000000009 1.0000000180025095e-35 10.500000000000002 1.0000000180025095e-35 414.50000000000006 1.0000000180025095e-35 -0.8783796973249266 1.0000000180025095e-35
decision_type=2 2 2 2 2 2 2 2 2 2 2 2 2 2 2 2 2 2 2 2
left_child=1 2 3 6 -5 8 7 -1 -6 -8 11 16 19 14 -14 -15 -4 -13 -17 -2
right_child=12 -3 10 4 5 -7 9 -9 -10 -11 -12 17 13 15 -16 18 -18 -19 -20 -21
leaf_value=0.0010594661419208232 -0.00045983005129096062 0.0064584750867453375 -0.0010161609951738002 0.0054303426058173515 0.0036852658990894297 -0.0018708951324561602 0.0026521324155088584 -0.001215232340630595 0.0005960570805317141 0 0.00040323789771695153 -0.00061163739217897815 0.0015957783805238422 0 -0.00080408595986370963 0 -0.0022434733869871161 1.2689060614414475e-05 -0.00089224634225131124 -0.00088021172487138827
leaf_weight=35 63 20 55 36 27 22 26 80 26 22 38 39 29 26 38 20 24 28 109 209
leaf_count=35 63 20 55 36 27 22 26 80 26 22 38 39 29 26 38 20 24 28 109 209
internal_value=0 0.000634214 0.00036761 0.00106405 0.0024763 0.000986432 7.07487e-05 -0.000479173 0.00226794 0.00149048 -0.000642332 -0.000948779 -0.000622436 -0.00038036 0.000160976 -0.000646548 -0.00145459 -0.000276579 -0.000779692 -0.000801424
internal_weight=972 478 458 274 111 75 163 115 53 48 184 146 494 222 67 155 79 67 129 272
internal_count=972 478 458 274 111 75 163 115 53 48 184 146 494 222 67 155 79 67 129 272
is_linear=0
shrinkage=0.05


end of trees

feature_importances:
liaison_cible_encodage_ventes=65
interaction_jour_liaison_ventes=40
LiaisonId_code=21
Mois=19
JourSemaine=16
mois_sin=16
jour_semaine_cos=15
mois_cos=15
rolling_mean_30_ventes=13
rolling_std_30_ventes=5
rolling_mean_14_ventes=4
jour_semaine_sin=3
lag_1_ventes=3
EstRamadan=2
liaison_frequence=2
rolling_mean_7_ventes=1
rolling_std_7_ventes=1
rolling_std_14_ventes=1

parameters:
[boosting: gbdt]
[objective: regression]
[metric: rmse,l2]
[tree_learner: serial]
[device_type: cpu]
[data_sample_strategy: bagging]
[data: ]
[valid: ]
[num_iterations: 1000]
[learning_rate: 0.05]
[num_leaves: 63]
[num_threads: 2]
[seed: 42]
[deterministic: 1]
[force_col_wise: 0]
[force_row_wise: 1]
[histogram_pool_size: -1]
[max_depth: 8]
[min_data_in_leaf: 20]
[min_sum_hessian_in_leaf: 0.001]
[bagging_fraction: 0.8]
[pos_bagging_fraction: 1]
[neg_bagging_fraction: 1]
[bagging_freq: 0]
[bagging_seed: 400]
[bagging_by_query: 0]
[feature_fraction: 0.8]
[feature_fraction_bynode: 1]
[feature_fraction_seed: 30056]
[extra_trees: 0]
[extra_seed: 12879]
[early_stopping_round: 0]
[early_stopping_min_delta: 0]
[first_metric_only: 0]
[max_delta_step: 0]
[lambda_l1: 0.1]
[lambda_l2: 0.1]
[linear_lambda: 0]
[min_gain_to_split: 0]
[drop_rate: 0.1]
[max_drop: 50]
[skip_drop: 0.5]
[xgboost_dart_mode: 0]
[uniform_drop: 0]
[drop_seed: 17869]
[top_rate: 0.2]
[other_rate: 0.1]
[min_data_per_group: 100]
[max_cat_threshold: 32]
[cat_l2: 10]
[cat_smooth: 10]
[max_cat_to_onehot: 4]
[top_k: 20]
[monotone_constraints: ]
[monotone_constraints_method: basic]
[monotone_penalty: 0]
[feature_contri: ]
[forcedsplits_filename: ]
[refit_decay_rate: 0.9]
[cegb_tradeoff: 1]
[cegb_penalty_split: 0]
[cegb_penalty_feature_lazy: ]
[cegb_penalty_feature_coupled: ]
[path_smooth: 0]
[interaction_constraints: ]
[verbosity: 1]
[saved_feature_importance_type: 0]
[use_quantized_grad: 0]
[num_grad_quant_bins: 4]
[quant_train_renew_leaf: 0]
[stochastic_rounding: 1]
[linear_tree: 0]
[max_bin: 255]
[max_bin_by_feature: ]
[min_data_in_bin: 3]
[bin_construct_sample_cnt: 200000]
[data_random_seed: 175]
[is_enable_sparse: 1]
[enable_bundle: 1]
[use_missing: 1]
[zero_as_missing: 0]
[feature_pre_filter: 1]
[pre_partition: 0]
[two_round: 0]
[header: 0]
[label_column: ]
[weight_column: ]
[group_column: ]
[ignore_column: ]
[categorical_feature: ]
[forcedbins_filename: ]
[precise_float_parser: 0]
[parser_config_file: ]
[objective_seed: 16083]
[num_class: 1]
[is_unbalance: 0]
[scale_pos_weight: 1]
[sigmoid: 1]
[boost_from_average: 1]
[reg_sqrt: 0]
[alpha: 0.9]
[fair_c: 1]
[poisson_max_delta_step: 0.7]
[tweedie_variance_power: 1.5]
[lambdarank_truncation_level: 30]
[lambdarank_norm: 1]
[label_gain: ]
[lambdarank_position_bias_regularization: 0]
[eval_at: ]
[multi_error_top_k: 1]
[auc_mu_weights: ]
[num_machines: 1]
[local_listen_port: 12400]
[time_out: 120]
[machine_list_filename: ]
[machines: ]
[gpu_platform_id: -1]
[gpu_device_id: -1]
[gpu_device_id_list: ]
[gpu_use_dp: 0]
[num_gpu: 1]

end of parameters

pandas_categorical:[]
