tree
version=v4
num_class=1
num_tree_per_iteration=1
label_index=0
max_feature_idx=25
objective=regression
feature_names=LiaisonId_code Annee Mois JourSemaine EstWeekend EstFerie EstRamadan EstVacances jour_semaine_sin jour_semaine_cos mois_sin mois_cos liaison_frequence liaison_cible_encodage_ventes interaction_jour_liaison_ventes lag_1_ventes lag_7_ventes lag_14_ventes lag_30_ventes lag_365_ventes rolling_mean_7_ventes rolling_mean_14_ventes rolling_mean_30_ventes rolling_std_7_ventes rolling_std_14_ventes rolling_std_30_ventes
feature_infos=[514:1233] [2024:2025] [1:12] [0:6] [0:1] [0:1] [0:1] none [-0.97492791218182362:0.97492791218182362] [-0.90096886790241903:1] [-1:1] [-1:1] [2130:3660] [0.015923566878980892:0.11936339522546419] [0:0.26415094339622641] [0:1] [0:1] [0:1] [0:1] [0:2] [0:0.4285714328289032] [0:0.28571429848670959] [0:0.20000000298023224] [0:0.75592893362045288] [0:0.53452247381210327] [0:0.40683808922767639]
tree_sizes=822 909 670 887 844 755 850 908 752 761 755 842 917 851 670 922 584 905 843 1028 926 837 902 830 851 1002 906 1108 911 829 924 1129 1129 1128 1277 1043 935 1090 1267 1020 1117 1334 1411 1199 1051 1413 1444 1290 1127 1191 1218 1216 1213 1293 1379 1127 1186 1046 1265 1246 1190 1244 1284 1029 1299 1129 1199 1200 1040 1118 1268 1173 1330 1332 1113

Tree=0
num_leaves=8
num_cat=0
split_feature=13 3 14 13 13 2 13
split_gain=0.508233 0.126444 0.187793 0.128493 0.0646323 0.117032 0.00515207
threshold=0.025952877783354027 4.5000000000000009 0.022347066167290892 0.022165404003697872 0.024024705487696592 3.5000000000000004 0.02840066136383949
decision_type=2 2 2 2 2 2 2
left_child=1 2 3 -1 5 -4 -2
right_child=6 -3 4 -5 -6 -7 -8
leaf_value=0.03845613415634283 0.029299360572414713 0.029338317933590763 0.029554203082483393 0.032430727115575764 0.029280483438737778 0.034193427286108899 0.028281780384075594
leaf_weight=20 27 33 21 22 26 30 258
leaf_count=20 27 33 21 22 26 30 258
internal_value=0.0296057 0.0319396 0.0327026 0.0354329 0.0311429 0.0321889 0.0283605
internal_weight=437 152 119 42 77 51 285
internal_count=437 152 119 42 77 51 285
is_linear=0
shrinkage=1


Tree=1
num_leaves=9
num_cat=0
split_feature=14 21 3 14 14 22 14 14
split_gain=0.321468 0.137041 0.142602 0.202377 0.0334869 0.0251521 0.0236181 7.33976e-06
threshold=0.035929432013769365 1.0000000180025095e-35 4.5000000000000009 0.022347066167290892 0.029631255487269536 1.0000000180025095e-35 0.026320346320346324 0.042781972088766877
decision_type=2 2 2 2 2 2 2 2
left_child=1 2 3 -1 -5 -2 -3 -7
right_child=5 6 -4 4 -6 7 -8 -9
leaf_value=0.0070673756185350399 0.00028962009136789831 0.00073314533352165879 -0.00021585424380431034 0 0.0029964525402651574 -0.00050783755868302348 -0.0012308943794068113 -0.0012523334240515005
leaf_weight=32 26 39 24 21 21 24 25 225
leaf_count=32 26 39 24 21 21 24 25 225
internal_value=0 0.00176527 0.00293965 0.00402944 0.00158477 -0.00104173 0 -0.00120088
internal_weight=437 162 98 74 42 275 64 249
internal_count=437 162 98 74 42 275 64 249
is_linear=0
shrinkage=0.05


Tree=2
num_leaves=6
num_cat=0
split_feature=13 13 11 11 13
split_gain=0.423828 0.111332 0.289922 0.12611 0.00287351
threshold=0.025952877783354027 0.021140303358613222 -0.24999999999999994 -0.68301270189221952 0.02840066136383949
decision_type=2 2 2 2 2
left_child=1 -1 3 -3 -2
right_child=4 2 -4 -5 -6
leaf_value=0.0044841239238372242 -0.00033154512765882637 0.0014931855056330066 -0.0016033998251023262 0.0062269804728042576 -0.0012023365507615894
leaf_weight=39 27 39 48 26 258
leaf_count=39 27 39 48 26 258
internal_value=0 0.00213092 0.0012713 0.00347017 -0.00113752
internal_weight=437 152 113 65 285
internal_count=437 152 113 65 285
is_linear=0
shrinkage=0.05


Tree=3
num_leaves=9
num_cat=0
split_feature=12 3 14 14 11 11 14 14
split_gain=0.308011 0.109249 0.131249 0.137604 0.107946 0.148193 0.00821983 0.00318876
threshold=2922.0000000000005 4.5000000000000009 0.022347066167290892 0.014815627743634768 -0.24999999999999994 -0.68301270189221952 0.013606071825249909 0.032876959106467311
decision_type=2 2 2 2 2 2 2 2
left_child=1 2 3 -1 5 -4 -3 -6
right_child=-2 6 4 -5 7 -7 -8 -9
leaf_value=0.0019297887134888639 -0.0011374999673933706 0 0 0.0076066088524475613 -8.4227464388852085e-05 0.0054318844081826228 -0.0012713939330763948 -0.0013368482187167921
leaf_weight=30 252 20 29 20 20 24 22 20
leaf_count=30 252 20 29 20 20 24 22 20
internal_value=0 0.00154848 0.00221453 0.00431097 0.00103029 0.00253264 -0.000600352 -0.000836998
internal_weight=437 185 143 50 93 53 42 40
internal_count=437 185 143 50 93 53 42 40
is_linear=0
shrinkage=0.05


Tree=4
num_leaves=8
num_cat=0
split_feature=13 3 14 11 13 13 13
split_gain=0.353416 0.0988607 0.137449 0.115285 0.208768 0.109132 0.000585006
threshold=0.025952877783354027 4.5000000000000009 0.022347066167290892 -0.24999999999999994 0.02441508121802196 0.022165404003697872 0.02840066136383949
decision_type=2 2 2 2 2 2 2
left_child=1 2 5 4 -4 -1 -2
right_child=6 -3 3 -5 -6 -7 -8
leaf_value=0.0077402305858793544 -0.00039106389487031639 -0.00034340569169859876 0.0065884486193905512 -0.00072867041427185743 -0.00023845032704949943 0.0021903878743697075 -0.001086544522143789
leaf_weight=20 27 33 21 35 21 22 258
leaf_count=20 27 33 21 35 21 22 258
internal_value=0 0.00194627 0.00262296 0.00127638 0.00306378 0.00496404 -0.00103835
internal_weight=437 152 119 77 42 42 285
internal_count=437 152 119 77 42 42 285
is_linear=0
shrinkage=0.05


Tree=5
num_leaves=7
num_cat=0
split_feature=13 13 11 8 3 13
split_gain=0.318904 0.0928943 0.255449 0.114047 0.0279698 0.000329825
threshold=0.025952877783354027 0.021140303358613222 -0.24999999999999994 0.6078576107927941 3.5000000000000004 0.02840066136383949
decision_type=2 2 2 2 2 2
left_child=1 -1 3 4 -3 -2
right_child=5 2 -4 -5 -6 -7
leaf_value=0.0039973222167062027 -0.00037158283635259115 5.4533504017068236e-05 -0.0016379098630589656 0.0063476416907870944 0.0028029490794454302 -0.0010322383583473899
leaf_weight=39 27 22 48 20 23 258
leaf_count=39 27 22 48 20 23 258
internal_value=0 0.00184782 0.00105886 0.00312659 0.00157324 -0.00098734
internal_weight=437 152 113 65 45 285
internal_count=437 152 113 65 45 285
is_linear=0
shrinkage=0.05


Tree=6
num_leaves=8
num_cat=0
split_feature=13 3 14 13 13 13 13
split_gain=0.288788 0.0890395 0.130117 0.0909057 0.0546155 0.0993789 0.000109286
threshold=0.025952877783354027 4.5000000000000009 0.022347066167290892 0.022165404003697872 0.024024705487696592 0.022039972581594052 0.02840066136383949
decision_type=2 2 2 2 2 2 2
left_child=1 2 3 -1 5 -4 -2
right_child=6 -3 4 -5 -6 -7 -8
leaf_value=0.0072263626798764989 -0.0003530722571969912 -0.00041155816700163205 -7.5351592941650211e-05 0.0021103604549196509 -0.00062680797458722684 0.0041500851883109644 -0.00098064641860818517
leaf_weight=20 27 33 24 22 26 27 258
leaf_count=20 27 33 24 22 26 27 258
internal_value=0 0.00175909 0.00240286 0.00467669 0.00109328 0.00206754 -0.000938874
internal_weight=437 152 119 42 77 51 285
internal_count=437 152 119 42 77 51 285
is_linear=0
shrinkage=0.05


Tree=7
num_leaves=9
num_cat=0
split_feature=5 0 14 14 2 11 10 3
split_gain=0.190819 0.0788772 0.150318 0.0701494 0.109499 0.0388267 0.0149199 0.00920664
threshold=1.0000000180025095e-35 639.50000000000011 0.028778467908902695 0.027587519025875192 5.5000000000000009 -0.5 -0.6830127018922193 2.5000000000000004
decision_type=2 2 2 2 2 2 2 2
left_child=1 2 5 4 -3 -1 7 -5
right_child=-2 3 -4 6 -6 -7 -8 -9
leaf_value=-0.0019619414406777612 0.0041443943270835382 0.0028762380802823651 0.0048015232308286629 -0.00075337641576737587 -0.0011913763365377222 0.0010851961945123341 -0.0010552119062652529 0.00074114130406793377
leaf_weight=20 26 34 21 21 30 20 245 20
leaf_count=20 26 34 21 21 30 20 245 20
internal_value=0 -0.000264468 0.00136971 -0.000563874 0.000892657 -0.000314778 -0.000907486 0
internal_weight=437 411 61 350 64 40 286 41
internal_count=437 411 61 350 64 40 286 41
is_linear=0
shrinkage=0.05


Tree=8
num_leaves=7
num_cat=0
split_feature=13 4 13 2 9 2
split_gain=0.243831 0.0799146 0.109437 0.0988261 0.0899625 0.118002
threshold=0.025952877783354027 1.0000000180025095e-35 0.021140303358613222 8.5000000000000018 1.0000000180025095e-35 5.5000000000000009
decision_type=2 2 2 2 2 2
left_child=1 2 -1 4 5 -4
right_child=-2 -3 3 -5 -6 -7
leaf_value=0.0047796154563022183 -0.000862995831513019 -0.00043626748014162682 -0.0017381840760554122 -0.0017150183388991141 0.0046652949975486612 0.0034253064675424335
leaf_weight=32 285 33 22 20 24 21
leaf_count=32 285 33 22 20 24 21
internal_value=0 0.00161609 0.0022271 0.00122643 0.00218023 0.000669608
internal_weight=437 152 119 87 67 43
internal_count=437 152 119 87 67 43
is_linear=0
shrinkage=0.05


Tree=9
num_leaves=7
num_cat=0
split_feature=13 11 13 21 0 13
split_gain=0.219809 0.077283 0.212836 0.0901244 0.0583551 5.36743e-05
threshold=0.025952877783354027 -0.24999999999999994 0.021140303358613222 1.0000000180025095e-35 999.00000000000011 0.02840066136383949
decision_type=2 2 2 2 2 2
left_child=1 3 -3 4 -1 -2
right_child=5 2 -4 -5 -6 -7
leaf_value=0.0021621344707520355 -0.00027527221550690731 0.0034396516344910675 -0.0016588461978395861 8.9267897902682597e-05 0.0062661388536813245 -0.00085735193880690582
leaf_weight=25 27 35 48 24 20 258
leaf_count=25 27 35 48 24 20 258
internal_value=0 0.00153394 0.000432506 0.00278394 0.00410685 -0.000819861
internal_weight=437 152 83 69 45 285
internal_count=437 152 83 69 45 285
is_linear=0
shrinkage=0.05


Tree=10
num_leaves=7
num_cat=0
split_feature=13 3 14 11 13 13
split_gain=0.19918 0.0711103 0.119599 0.0819374 0.173194 0.0706623
threshold=0.025952877783354027 4.5000000000000009 0.022347066167290892 -0.24999999999999994 0.02441508121802196 0.022165404003697872
decision_type=2 2 2 2 2 2
left_child=1 2 5 4 -4 -1
right_child=-2 -3 3 -5 -6 -7
leaf_value=0.0064756848714986248 -0.00077976485668246375 -0.00047163837715938377 0.0055361787572291224 -0.00089948002111028737 -0.00069714310574588059 0.0019056818890490681
leaf_weight=20 285 33 21 35 21 22
leaf_count=20 285 33 21 35 21 22
internal_value=0 0.00146086 0.0020387 0.000785109 0.0023065 0.00421085
internal_weight=437 152 119 77 42 42
internal_count=437 152 119 77 42 42
is_linear=0
shrinkage=0.05


Tree=11
num_leaves=8
num_cat=0
split_feature=12 21 0 11 3 9 25
split_gain=0.140873 0.0712149 0.073493 0.178381 0.0981919 0.0361773 0.0268504
threshold=2922.0000000000005 1.0000000180025095e-35 999.00000000000011 1.0000000180025095e-35 2.5000000000000004 -0.22252093395631442 0.21814115345478061
decision_type=2 2 2 2 2 2 2
left_child=1 2 4 -4 -1 -5 -3
right_child=-2 6 3 5 -6 -7 -8
leaf_value=0.0059542614843043108 -0.00076975286854869505 -0.0012600873408450822 0.0040089880587100097 0.0002420511155713737 0.00091155376446582545 -0.002361393521773625 0.00070520278142868948
leaf_weight=21 252 33 27 22 23 25 34
leaf_count=21 252 33 27 22 23 25 34
internal_value=0 0.00104674 0.00179012 0.000738488 0.00343972 -0.00103868 -0.000188696
internal_weight=437 185 118 74 44 47 67
internal_count=437 185 118 74 44 47 67
is_linear=0
shrinkage=0.05


Tree=12
num_leaves=9
num_cat=0
split_feature=5 13 14 2 13 2 13 13
split_gain=0.167616 0.0949979 0.09578 0.105155 0.0479204 0.0323188 0.00688938 0.00577644
threshold=1.0000000180025095e-35 0.02516854440975522 0.016261237440507673 8.5000000000000018 0.023151134976327783 3.5000000000000004 0.026800745213350994 0.1100728082055883
decision_type=2 2 2 2 2 2 2 2
left_child=1 2 5 4 -4 -1 -3 -8
right_child=-2 6 3 -5 -6 -7 7 -9
leaf_value=-0.0022517568444437031 0.0038860238888711305 -0.0016446220930466872 0.004216506697659223 -0.00073625697589023811 0.00080874877708468271 0.00018489965584775176 0 -0.00072409505739305625
leaf_weight=22 26 28 37 23 20 27 20 234
leaf_count=22 26 28 37 23 20 27 20 234
internal_value=0 -0.000246109 0.000859238 0.00194358 0.00311188 -0.000809634 -0.000769596 -0.00065285
internal_weight=437 411 129 80 57 49 282 254
internal_count=437 411 129 80 57 49 282 254
is_linear=0
shrinkage=0.05


Tree=13
num_leaves=8
num_cat=0
split_feature=5 12 8 8 2 14 10
split_gain=0.151297 0.0445649 0.0503957 0.0729961 0.127891 0.223388 0.0523035
threshold=1.0000000180025095e-35 2922.0000000000005 -0.60785761079279388 -1.0000000180025095e-35 5.5000000000000009 0.026320346320346324 -0.6830127018922193
decision_type=2 2 2 2 2 2 2
left_child=1 2 -1 -4 5 -5 -6
right_child=-2 -3 3 4 6 -7 -8
leaf_value=-0.0011483650844999382 0.0036924671235412246 -0.00068670014682457045 0.0032901077624039343 0.0059185633848830048 0.00063315249738556828 -0.00072227784353428659 -0.0023342845712944009
leaf_weight=40 26 237 25 22 20 27 40
leaf_count=40 26 237 25 22 20 27 40
internal_value=0 -0.000233365 0.00035543 0.000842131 0.000232338 0.00216347 -0.00126254
internal_weight=437 411 174 134 109 49 60
internal_count=437 411 174 134 109 49 60
is_linear=0
shrinkage=0.05


Tree=14
num_leaves=6
num_cat=0
split_feature=13 13 13 8 3
split_gain=0.149125 0.0560022 0.101396 0.049774 0.0356174
threshold=0.025952877783354027 0.024861690819123181 0.021140303358613222 0.6078576107927941 3.5000000000000004
decision_type=2 2 2 2 2
left_child=1 2 -1 4 -4
right_child=-2 -3 3 -5 -6
leaf_value=0.0029106251771568946 -0.00067343506722472395 0.0034852070852639189 -0.0022712978643772866 0.0015713073757354476 2.6181113334645355e-05
leaf_weight=39 285 25 28 28 32
leaf_count=39 285 25 28 28 32
internal_value=0 0.00126532 0.000786594 -0.000100219 -0.000964776
internal_weight=437 152 127 88 60
internal_count=437 152 127 88 60
is_linear=0
shrinkage=0.05


Tree=15
num_leaves=9
num_cat=0
split_feature=5 13 11 14 14 13 13 13
split_gain=0.135367 0.0728402 0.111756 0.116797 0.0663172 0.114436 0.00873889 0.00465935
threshold=1.0000000180025095e-35 0.02516854440975522 -0.24999999999999994 0.025478740668614091 0.016261237440507673 0.021140303358613222 0.026800745213350994 0.1100728082055883
decision_type=2 2 2 2 2 2 2 2
left_child=1 2 3 -1 -4 -6 -3 -8
right_child=-2 6 4 -5 5 -7 7 -9
leaf_value=3.1024027772790157e-05 0.003493915414758797 -0.0016182085187621813 -0.0023198107961578058 0.0050154480430115739 0.0035030437907053961 -0.0013093855324801179 0 -0.0006199280649725156
leaf_weight=26 26 28 29 25 21 28 20 234
leaf_count=26 26 28 29 25 21 28 20 234
internal_value=0 -0.000219485 0.000746022 0.00257725 -0.000389065 0.000654185 -0.000678986 -0.000555176
internal_weight=437 411 129 51 78 49 282 254
internal_count=437 411 129 51 78 49 282 254
is_linear=0
shrinkage=0.05


Tree=16
num_leaves=5
num_cat=0
split_feature=13 11 13 11
split_gain=0.127393 0.0563141 0.152827 0.0847561
threshold=0.025952877783354027 -0.24999999999999994 0.021140303358613222 -0.68301270189221952
decision_type=2 2 2 2
left_child=1 3 -3 -1
right_child=-2 2 -4 -5
leaf_value=0.0005449866561595436 -0.00062077801429972991 0.0027849021099741302 -0.0015398090674295989 0.0042570090546362417
leaf_weight=39 285 35 48 30
leaf_count=39 285 35 48 30
internal_value=0 0.00117114 0.000224853 0.00223509
internal_weight=437 152 83 69
internal_count=437 152 83 69
is_linear=0
shrinkage=0.05


Tree=17
num_leaves=9
num_cat=0
split_feature=5 13 11 14 14 13 13 13
split_gain=0.121849 0.0578091 0.0935773 0.106246 0.0596784 0.0941196 0.00856112 0.00418246
threshold=1.0000000180025095e-35 0.02516854440975522 -0.24999999999999994 0.025478740668614091 0.016261237440507673 0.021140303358613222 0.026800745213350994 0.1100728082055883
decision_type=2 2 2 2 2 2 2 2
left_child=1 2 3 -1 -4 -6 -3 -8
right_child=-2 6 4 -5 5 -7 7 -9
leaf_value=0 0.0033158929121566375 -0.0015385934208052439 -0.0022166622284146924 0.0046498003812781366 0.0031901364166165981 -0.0011674327772521675 0 -0.00055791926259788575
leaf_weight=26 26 28 29 25 21 28 20 234
leaf_count=26 26 28 29 25 21 28 20 234
internal_value=0 -0.000207197 0.000650573 0.00232851 -0.000384095 0.000600958 -0.000617397 -0.000495605
internal_weight=437 411 129 51 78 49 282 254
internal_count=437 411 129 51 78 49 282 254
is_linear=0
shrinkage=0.05


Tree=18
num_leaves=8
num_cat=0
split_feature=13 21 13 0 13 3 0
split_gain=0.108841 0.0560585 0.075229 0.154967 0.141806 0.0270782 0.0128479
threshold=0.025952877783354027 1.0000000180025095e-35 0.024531519031778141 999.00000000000011 0.022396444658460492 2.5000000000000004 999.00000000000011
decision_type=2 2 2 2 2 2 2
left_child=1 2 3 4 -1 -5 -3
right_child=-2 6 -4 5 -6 -7 -8
leaf_value=0.0063056116590081744 -0.00057296235834398046 -0.0013181467562631407 0.0045192428178788711 -0.0019815885268923534 0.00016761241365947994 0.00019233634220473317 0.00031753207478134787
leaf_weight=20 285 21 20 25 21 25 20
leaf_count=20 285 21 20 25 21 25 20
internal_value=0 0.00108334 0.00167602 0.000991978 0.00329147 -0.000796611 -0.000399769
internal_weight=437 152 111 91 41 50 41
internal_count=437 152 111 91 41 50 41
is_linear=0
shrinkage=0.05


Tree=19
num_leaves=10
num_cat=0
split_feature=14 14 2 12 14 10 14 14 2
split_gain=0.117841 0.202748 0.0823411 0.0317599 0.00940586 0.00744819 0.00944256 0.00475316 6.96218e-05
threshold=0.022347066167290892 0.016261237440507673 3.5000000000000004 2157.0000000000005 0.028778467908902695 -0.6830127018922193 0.043717152412804598 0.074271079590228536 11.500000000000002
decision_type=2 2 2 2 2 2 2 2 2
left_child=1 2 -1 -2 -5 7 -7 -6 -8
right_child=3 -3 -4 4 5 6 8 -9 -10
leaf_value=-0.0021393032800970653 0.0010263346231280856 0.0058054960075748993 0.0016096037333769261 0.0003153810465169885 0.00051910046914323651 -0.0014487221095470901 -0.00058880280226331224 -0.00047971832241160383 -5.3961248436259995e-05
leaf_weight=23 33 22 39 21 20 48 181 28 22
leaf_count=23 33 22 39 21 20 48 181 28 22
internal_value=0 0.00168631 0.000137159 -0.000396285 -0.000558888 -0.000637093 -0.000746747 0 -0.000555513
internal_weight=437 84 62 353 320 299 251 48 203
internal_count=437 84 62 353 320 299 251 48 203
is_linear=0
shrinkage=0.05


Tree=20
num_leaves=9
num_cat=0
split_feature=14 14 9 13 11 25 13 13
split_gain=0.106387 0.183049 0.0661141 0.0521478 0.162941 0.0119896 0.00831127 0.000295975
threshold=0.022347066167290892 0.016261237440507673 0.81174490092936691 0.024024705487696592 1.0000000180025095e-35 1.0000000180025095e-35 0.026800745213350994 0.11122565864833907
decision_type=2 2 2 2 2 2 2 2
left_child=1 2 5 4 -2 -1 -5 -8
right_child=3 -3 -4 6 -6 -7 7 -9
leaf_value=-0.0018646528203021828 0.0044835705380727895 0.0055165347040576091 0.0023911840008462174 -0.0014329996577869077 -0.0011690419619018058 0 -1.321386493484436e-05 -0.00053605102093068845
leaf_weight=20 21 22 22 36 30 20 23 243
leaf_count=20 21 22 22 36 30 20 23 243
internal_value=0 0.00160231 0.000126233 -0.000376481 0.00106488 -0.000997658 -0.000636711 -0.000509655
internal_weight=437 84 62 353 51 40 302 266
internal_count=437 84 62 353 51 40 302 266
is_linear=0
shrinkage=0.05


Tree=21
num_leaves=8
num_cat=0
split_feature=5 13 11 13 13 13 13
split_gain=0.104711 0.0389263 0.0801038 0.0369447 0.0309595 0.0112432 0.0026794
threshold=1.0000000180025095e-35 0.02516854440975522 -0.24999999999999994 0.021140303358613222 0.023151134976327783 0.026800745213350994 0.1100728082055883
decision_type=2 2 2 2 2 2 2
left_child=1 2 4 -4 -1 -3 -7
right_child=-2 5 3 -5 -6 6 -8
leaf_value=0.0036831923162759235 0.0030735827559583827 -0.0015460300050490266 0.00072378177544681695 -0.0014182119218306307 0.00085090406454644402 0 -0.00044782002619994806
leaf_weight=20 26 28 33 45 31 20 234
leaf_count=20 26 28 33 45 31 20 234
internal_value=0 -0.000192366 0.00050729 -0.000448197 0.00206449 -0.000530212 -0.000397991
internal_weight=437 411 129 78 51 282 254
internal_count=437 411 129 78 51 282 254
is_linear=0
shrinkage=0.05


Tree=22
num_leaves=9
num_cat=0
split_feature=5 13 11 14 14 13 13 13
split_gain=0.0944726 0.0353299 0.0725344 0.0952276 0.0461838 0.0769642 0.0100707 0.00247422
threshold=1.0000000180025095e-35 0.02516854440975522 -0.24999999999999994 0.025478740668614091 0.016261237440507673 0.021140303358613222 0.026800745213350994 0.1100728082055883
decision_type=2 2 2 2 2 2 2 2
left_child=1 2 3 -1 -4 -6 -3 -8
right_child=-2 6 4 -5 5 -7 7 -9
leaf_value=0 0.002920492471666771 -0.0014690035894460102 -0.0020331649624989001 0.0041663554856976662 0.0027852218139086853 -0.0011605169199857847 0 -0.0004254385916892533
leaf_weight=26 26 28 29 25 21 28 20 234
leaf_count=26 26 28 29 25 21 28 20 234
internal_value=0 -0.000181667 0.00048401 0.0019666 -0.000422631 0.000430909 -0.000503966 -0.000377371
internal_weight=437 411 129 51 78 49 282 254
internal_count=437 411 129 51 78 49 282 254
is_linear=0
shrinkage=0.05


Tree=23
num_leaves=8
num_cat=0
split_feature=14 14 3 13 13 22 13
split_gain=0.0972184 0.161267 0.0635983 0.040218 0.0910974 0.0108793 0.00856892
threshold=0.022347066167290892 0.016261237440507673 1.5000000000000002 0.024024705487696592 0.022039972581594052 1.0000000180025095e-35 0.026191677175283735
decision_type=2 2 2 2 2 2 2
left_child=1 2 -1 4 -2 -4 -5
right_child=3 -3 5 6 -6 -7 -8
leaf_value=0.0023611632727794513 -0.0011958027872956394 0.0052060161569741515 -0.0017870960965641399 -0.0014452921471781914 0.00294170534080135 0 -0.0004702190470768232
leaf_weight=22 24 22 20 32 27 20 270
leaf_count=22 24 22 20 32 27 20 270
internal_value=0 0.00153054 0.000139539 -0.000361084 0.000898266 -0.000960508 -0.000590533
internal_weight=437 84 62 353 51 40 302
internal_count=437 84 62 353 51 40 302
is_linear=0
shrinkage=0.05


Tree=24
num_leaves=8
num_cat=0
split_feature=14 13 13 13 13 13 2
split_gain=0.0876912 0.147186 0.193792 0.0361802 0.082418 0.00762564 8.9631e-05
threshold=0.022347066167290892 0.021140303358613222 0.024605688027819178 0.024024705487696592 0.022039972581594052 0.026191677175283735 11.500000000000002
decision_type=2 2 2 2 2 2 2
left_child=1 -1 -3 4 -2 -5 -7
right_child=3 2 -4 5 -6 6 -8
leaf_value=0.0049639907425345336 -0.0011362607787939029 -0.0017957793365157865 0.004089281692553611 -0.001373252706062571 0.0027951626615715639 -0.00046987813519152352 -1.956475175086007e-05
leaf_weight=22 24 41 21 32 27 245 25
leaf_count=22 24 41 21 32 27 245 25
internal_value=0 0.00145281 0.000120408 -0.00034374 0.000848631 -0.000561866 -0.000446717
internal_weight=437 84 62 353 51 302 270
internal_count=437 84 62 353 51 302 270
is_linear=0
shrinkage=0.05


Tree=25
num_leaves=10
num_cat=0
split_feature=5 13 2 14 13 2 13 10 13
split_gain=0.0841295 0.0253717 0.0494593 0.0702951 0.0456352 0.0343866 0.0106465 0.00173652 0.000318472
threshold=1.0000000180025095e-35 0.02516854440975522 8.5000000000000018 0.016261237440507673 0.023151134976327783 3.5000000000000004 0.026800745213350994 -0.6830127018922193 0.11439891224013125
decision_type=2 2 2 2 2 2 2 2 2
left_child=1 2 3 5 -5 -1 -3 8 -8
right_child=-2 6 -4 4 -6 -7 7 -9 -10
leaf_value=-0.0019360232565181154 0.0027533812027324659 -0.0014273186399869861 -0.0013213643484098754 0.0031560254981113731 0 0.00082743783569454556 0.0001035875735627445 -0.00037829200269369587 -0.00016677184331587592
leaf_weight=22 26 28 30 37 20 20 22 212 20
leaf_count=22 26 28 30 37 20 20 22 212 20
internal_value=0 -0.000174073 0.000386095 0.000954772 0.0021151 -0.000502485 -0.00044809 -0.000319947 0
internal_weight=437 411 129 99 57 42 282 254 42
internal_count=437 411 129 99 57 42 282 254 42
is_linear=0
shrinkage=0.05


Tree=26
num_leaves=9
num_cat=0
split_feature=14 21 3 13 11 13 13 11
split_gain=0.081665 0.128018 0.166679 0.03115 0.116329 0.00654078 0.00028354 0.000234429
threshold=0.021622253389434319 1.0000000180025095e-35 4.5000000000000009 0.024024705487696592 1.0000000180025095e-35 0.026800745213350994 0.11154720575132877 0.93301270189221952
decision_type=2 2 2 2 2 2 2 2
left_child=1 2 -1 4 -2 -5 -7 -8
right_child=3 -3 -4 5 -6 6 7 -9
leaf_value=0.0051711692419657458 0.0037040016538865193 -0.0012851636912102787 -0.00035069512017954019 -0.0012270411888182647 -0.00095619578433395126 0 -0.00046565435038539526 0
leaf_weight=32 21 26 21 37 34 26 215 25
leaf_count=32 21 26 21 37 34 26 215 25
internal_value=0 0.00145451 0.00289256 -0.000320645 0.000735901 -0.000529103 -0.000412807 -0.000437968
internal_weight=437 79 53 358 55 303 266 240
internal_count=437 79 53 358 55 303 266 240
is_linear=0
shrinkage=0.05


Tree=27
num_leaves=11
num_cat=0
split_feature=5 13 11 14 14 13 13 10 19 13
split_gain=0.0745232 0.0193309 0.0634706 0.0832652 0.0399831 0.0681312 0.00947099 0.00161559 0.000717084 0.000275764
threshold=1.0000000180025095e-35 0.02516854440975522 -0.24999999999999994 0.025478740668614091 0.016261237440507673 0.021140303358613222 0.026800745213350994 -0.6830127018922193 1.0000000180025095e-35 0.11439891224013125
decision_type=2 2 2 2 2 2 2 2 2 2
left_child=1 2 3 -1 -4 -6 -3 9 -9 -8
right_child=-2 6 4 -5 5 -7 7 8 -10 -11
leaf_value=-8.6486991851722592e-05 0.0025884838896122015 -0.0013303727425263657 -0.0020198914691280968 0.0037758634993398329 0.0024819997885215904 -0.0012439748056869279 0.00012059728383208831 -0.00037277237370280525 0 -0.00013530786190904786
leaf_weight=26 26 28 29 25 21 28 22 190 22 20
leaf_count=26 26 28 29 25 21 28 22 190 22 20
internal_value=0 -0.000166756 0.000318765 0.00171266 -0.000529633 0.000252841 -0.000406614 -0.000284621 -0.000340725 0
internal_weight=437 411 129 51 78 49 282 254 212 42
internal_count=437 411 129 51 78 49 282 254 212 42
is_linear=0
shrinkage=0.05


Tree=28
num_leaves=9
num_cat=0
split_feature=13 11 13 0 13 22 22 13
split_gain=0.06319 0.0272353 0.083211 0.107587 0.0125472 0.000950914 0.00136205 0.000776577
threshold=0.021140303358613222 -0.24999999999999994 0.025952877783354027 999.00000000000011 0.02516854440975522 0.050000002607703216 0.083333335816860213 0.11361331366402362
decision_type=2 2 2 2 2 2 2 2
left_child=-1 2 3 -2 -3 -4 -7 -6
right_child=1 4 5 -5 7 6 -8 -9
leaf_value=0.0019146063672307201 -6.6539595842870887e-05 -0.0013928854850866297 -0.0009364503183097565 0.0038777121515987919 0 0 -0.00041969022435974017 -0.00043931714449035208
leaf_weight=39 35 47 21 30 38 31 100 96
leaf_count=39 35 47 21 30 38 31 100 96
internal_value=0 -0.000191802 0.000167839 0.00168024 -0.000650438 -0.000446718 -0.000329418 -0.000351897
internal_weight=437 398 217 65 181 152 131 134
internal_count=437 398 217 65 181 152 131 134
is_linear=0
shrinkage=0.05


Tree=29
num_leaves=8
num_cat=0
split_feature=14 14 2 13 13 13 2
split_gain=0.0753669 0.119816 0.0558556 0.0243691 0.0680008 0.0092369 0.000231165
threshold=0.021622253389434319 0.01574900793650794 4.5000000000000009 0.024024705487696592 0.022039972581594052 0.026191677175283735 11.500000000000002
decision_type=2 2 2 2 2 2 2
left_child=1 2 -1 4 -2 -5 -7
right_child=3 -3 -4 5 -6 6 -8
leaf_value=-0.0014940059517681513 -0.00098699792818534205 0.0046266655781101078 0.001601484893731239 -0.001366062328579177 0.0024552458797571183 -0.00039959982023931033 0
leaf_weight=26 28 21 32 32 27 246 25
leaf_count=26 28 21 32 32 27 246 25
internal_value=0 0.00139111 0.000127609 -0.000314164 0.000613476 -0.00049919 -0.000377919
internal_weight=437 79 58 358 55 303 271
internal_count=437 79 58 358 55 303 271
is_linear=0
shrinkage=0.05


Tree=30
num_leaves=9
num_cat=0
split_feature=14 14 2 13 13 13 2 14
split_gain=0.0682613 0.129698 0.0555017 0.0194394 0.0681148 0.00831544 0.000133744 0.00031456
threshold=0.022347066167290892 0.016261237440507673 3.5000000000000004 0.024024705487696592 0.022039972581594052 0.026191677175283735 11.500000000000002 0.042781972088766877
decision_type=2 2 2 2 2 2 2 2
left_child=1 2 -1 4 -2 -5 7 -7
right_child=3 -3 -4 5 -6 6 -8 -9
leaf_value=-0.0018389243458184004 -0.001256747554052482 0.0045656072709085718 0.0012455793364387949 -0.0012979719577490634 0.0023329365043127668 -1.9746184037708809e-05 0 -0.00040920249852618209
leaf_weight=23 24 22 39 32 27 34 25 211
leaf_count=23 24 22 39 32 27 34 25 211
internal_value=0 0.00127376 1.9694e-05 -0.000311239 0.000546672 -0.000472801 -0.000356048 -0.000375585
internal_weight=437 84 62 353 51 302 270 245
internal_count=437 84 62 353 51 302 270 245
is_linear=0
shrinkage=0.05


Tree=31
num_leaves=11
num_cat=0
split_feature=5 9 22 22 14 14 14 14 2 13
split_gain=0.0654742 0.0151925 0.044086 0.0382756 0.0970249 0.0391072 0.0337244 0.0206865 0.0117825 0.00332923
threshold=1.0000000180025095e-35 -0.56174490092936669 1.0000000180025095e-35 0.050000002607703216 0.027587519025875192 0.028778467908902695 0.018350168350168353 0.012828947368421054 7.5000000000000009 0.11154720575132877
decision_type=2 2 2 2 2 2 2 2 2 2
left_child=1 2 -1 5 -5 6 7 -3 9 -4
right_child=-2 3 8 4 -6 -7 -8 -9 -10 -11
leaf_value=0.0019258459734990954 0.0024205952879198436 -0.0017762382641499964 -0.0012329911169090971 0.0033496102084178679 -0.00033208382866766227 0.00010385076428951895 -0.003350634670693917 0.0001484874206182746 0.00059070872514012677 -0.00023398444119785496
leaf_weight=31 26 27 20 20 159 36 25 20 26 47
leaf_count=31 26 27 20 20 159 36 25 20 26 47
internal_value=0 -0.000161769 0.000278062 -0.000369247 5.30018e-05 -0.00111474 -0.00179268 -0.000852473 -0.000218972 -0.000608104
internal_weight=437 411 124 287 179 108 72 47 93 67
internal_count=437 411 124 287 179 108 72 47 93 67
is_linear=0
shrinkage=0.05


Tree=32
num_leaves=11
num_cat=0
split_feature=14 21 4 14 13 11 8 13 2 13
split_gain=0.0623249 0.120497 0.143212 0.0226879 0.0568751 0.141737 0.00609297 0.0135221 0.00647941 0.0155541
threshold=0.021622253389434319 1.0000000180025095e-35 1.0000000180025095e-35 0.025478740668614091 0.024024705487696592 0.25000000000000017 1.0000000180025095e-35 0.026191677175283735 7.5000000000000009 0.11497994275382566
decision_type=2 2 2 2 2 2 2 2 2 2
left_child=1 2 -1 -2 5 -5 8 -8 -6 -10
right_child=3 -3 -4 4 6 -7 7 -9 9 -11
leaf_value=0.0047764221629899607 -0.0018258419996570975 -0.0013971301574675701 -0.00032776082398025628 0.0043438589950492478 -0.00041788404526387017 -0.0013289904207992021 -0.0019658000039316677 -0.00041970739578430654 0.0013682651969306495 -0.00032674162826143053
leaf_weight=32 23 26 21 22 109 20 20 110 20 34
leaf_count=32 23 26 21 22 109 20 20 110 20 34
internal_value=0 0.00126349 0.00266304 -0.000287193 -0.00016612 0.001527 -0.000426316 -0.000697328 -0.000179221 0.000209986
internal_weight=437 79 53 358 335 42 293 130 163 54
internal_count=437 79 53 358 335 42 293 130 163 54
is_linear=0
shrinkage=0.05


Tree=33
num_leaves=11
num_cat=0
split_feature=5 9 22 14 14 22 14 14 2 13
split_gain=0.0576717 0.0135008 0.0375151 0.0887984 0.0373552 0.0365301 0.0279622 0.0191115 0.0104057 0.00288072
threshold=1.0000000180025095e-35 -0.56174490092936669 0.050000002607703216 0.027587519025875192 0.028778467908902695 1.0000000180025095e-35 0.018350168350168353 0.012828947368421054 7.5000000000000009 0.11154720575132877
decision_type=2 2 2 2 2 2 2 2 2 2
left_child=1 5 4 -4 6 -1 7 -3 9 -7
right_child=-2 2 3 -5 -6 8 -8 -9 -10 -11
leaf_value=0.0017602853141605278 0.002269684789538155 -0.0017592328811937262 0.003221824259377914 -0.00029866290839223897 9.9592790613208912e-05 -0.0011406710978356465 -0.0031862790462564659 6.9131388616243094e-05 0.00056939522960576517 -0.00020141569529749027
leaf_weight=31 26 27 20 159 36 20 25 20 26 47
leaf_count=31 26 27 20 159 36 20 25 20 26 47
internal_value=0 -0.000153813 -0.00034979 6.83495e-05 -0.00108849 0.000259403 -0.0017512 -0.000876554 -0.000188539 -0.000557588
internal_weight=437 411 287 179 108 124 72 47 93 67
internal_count=437 411 287 179 108 124 72 47 93 67
is_linear=0
shrinkage=0.05


Tree=34
num_leaves=13
num_cat=0
split_feature=14 21 3 14 0 22 10 20 14 14 11 11
split_gain=0.0555826 0.110121 0.128527 0.0189713 0.0541506 0.00919419 0.0185222 0.0177916 0.033398 0.000662318 0.000491948 0.000163969
threshold=0.021622253389434319 1.0000000180025095e-35 4.5000000000000009 0.025478740668614091 639.50000000000011 0.050000002607703216 -0.5 1.0000000180025095e-35 0.085960591133004943 0.052357456140350887 0.25000000000000017 0.25000000000000017
decision_type=2 2 2 2 2 2 2 2 2 2 2 2
left_child=1 2 -1 -2 -5 6 -6 8 -7 -9 -10 -8
right_child=3 -3 -4 4 5 7 11 9 10 -11 -12 -13
leaf_value=0.0045334428247075951 -0.0016833446543710103 -0.0013474071421571276 -0.00029017201837779007 0.0020934091023018741 9.5077312367771492e-06 0.0021783414530650068 -0.0019823966699555446 -0.00084117438194429529 -0.00023023943074971742 -0.00035793086156605419 0 -0.00079417901888260197
leaf_weight=32 23 26 21 24 25 20 22 35 39 129 20 21
leaf_count=32 23 26 21 24 25 20 22 35 39 129 20 21
internal_value=0 0.00119132 0.00253109 -0.000273026 -0.000160804 -0.000351452 -0.000885896 -0.000181025 0.000401099 -0.000491981 -0.00011942 -0.0015213
internal_weight=437 79 53 358 335 311 68 243 79 164 59 43
internal_count=437 79 53 358 335 311 68 243 79 164 59 43
is_linear=0
shrinkage=0.05


Tree=35
num_leaves=10
num_cat=0
split_feature=5 14 13 13 14 13 10 13 8
split_gain=0.0511549 0.0137426 0.0633276 0.0357379 0.0334352 0.0351279 0.00759438 0.0142402 0.00817612
threshold=1.0000000180025095e-35 0.016261237440507673 0.022165404003697872 0.024024705487696592 0.025478740668614091 0.024178558580165491 -0.6830127018922193 0.026191677175283735 1.0000000180025095e-35
decision_type=2 2 2 2 2 2 2 2 2
left_child=1 3 -3 -1 -4 -6 8 -8 -7
right_child=-2 2 4 -5 5 6 7 -9 -10
leaf_value=-0.0017988712034919089 0.002136397431693771 0.002018354207116864 -0.00197057910009298 0.00067295935792635337 0.0018623682454016535 0.0010606947735667018 -0.001679282966973399 -0.00021826223206281936 -0.00021133065566568822
leaf_weight=38 26 34 26 20 21 21 20 211 20
leaf_count=38 26 34 26 20 21 21 20 211 20
internal_value=0 -0.00014599 -1.41776e-05 -0.000860766 -0.000247045 -7.6424e-05 -0.000245115 -0.000367065 0.000319536
internal_weight=437 411 353 58 319 293 272 231 41
internal_count=437 411 353 58 319 293 272 231 41
is_linear=0
shrinkage=0.05


Tree=36
num_leaves=9
num_cat=0
split_feature=14 13 13 13 13 13 13 2
split_gain=0.052712 0.124995 0.171815 0.0138096 0.0658511 0.00630024 0.000587247 0.0015459
threshold=0.022347066167290892 0.021140303358613222 0.024605688027819178 0.024024705487696592 0.022039972581594052 0.026191677175283735 0.11430749128919862 7.5000000000000009
decision_type=2 2 2 2 2 2 2 2
left_child=1 -1 -3 4 -2 -5 7 -7
right_child=3 2 -4 5 -6 6 -8 -9
leaf_value=0.0043445995355623343 -0.0013394597760320514 -0.0019180313008214254 0.003631979164389355 -0.0011407333439233426 0.0021998994698493681 -0.00025496458232159014 -0.00039755301011946151 9.8836600369253702e-05
leaf_weight=22 24 41 21 32 27 87 160 23
leaf_count=22 24 41 21 32 27 87 160 23
internal_value=0 0.00111557 0 -0.000277128 0.000437109 -0.000414399 -0.000309413 -0.000135552
internal_weight=437 84 62 353 51 302 270 110
internal_count=437 84 62 353 51 302 270 110
is_linear=0
shrinkage=0.05


Tree=37
num_leaves=11
num_cat=0
split_feature=14 21 3 14 12 13 14 14 14 11
split_gain=0.0482895 0.0996749 0.115795 0.0174447 0.0466643 0.028476 0.0335152 0.0012667 0.0018319 0.000444021
threshold=0.021622253389434319 1.0000000180025095e-35 4.5000000000000009 0.025478740668614091 2157.0000000000005 0.023563181572278696 0.033520599250936332 0.040818215475749729 0.072690217391304365 0.93301270189221952
decision_type=2 2 2 2 2 2 2 2 2 2
left_child=1 2 -1 -2 -5 -6 -7 -8 -9 -10
right_child=3 -3 -4 4 5 6 7 8 9 -11
leaf_value=0.0042871310053584728 -0.001608696657543381 -0.0013018377707785861 -0.00028185234581654388 0.0019425959120547066 -0.0019603240344046326 0.0016685973484136538 -0.00080066001102090827 0 -0.00033932636117145178 0
leaf_weight=32 23 26 21 24 25 22 25 21 198 20
leaf_count=32 23 26 21 24 25 22 25 21 198 20
internal_value=0 0.00110862 0.0023855 -0.000256209 -0.000147978 -0.000325953 -0.000164977 -0.000337281 -0.000267584 -0.000315427
internal_weight=437 79 53 358 335 311 286 264 239 218
internal_count=437 79 53 358 335 311 286 264 239 218
is_linear=0
shrinkage=0.05


Tree=38
num_leaves=13
num_cat=0
split_feature=5 14 25 14 10 14 14 25 14 10 14 14
split_gain=0.044248 0.0161109 0.0358627 0.0260828 0.0103258 0.0262482 0.0166317 0.0387012 0.0175116 0.00539801 9.74678e-05 1.15022e-05
threshold=1.0000000180025095e-35 0.016261237440507673 1.0000000180025095e-35 0.023122159850307408 -0.6830127018922193 0.047625797306874565 0.047625797306874565 0.2794183492660523 0.081681280975981721 0.68301270189221941 0.10557275541795667 0.096022128556375139
decision_type=2 2 2 2 2 2 2 2 2 2 2 2
left_child=1 2 -1 -3 5 -5 7 9 -8 -6 11 -10
right_child=-2 3 -4 4 6 -7 8 -9 10 -11 -12 -13
leaf_value=-0.0022509047192799756 0.0019857744193882091 0.001614017639051139 0.00010298886890388378 0.0019422451400520067 -0.0017902540968881321 -0.00031920234640410628 0.0013387969695360872 0.00079100206465348294 -3.1434987628467606e-05 -0.00041139700860491298 -0.00019245318318525601 0
leaf_weight=27 26 23 31 20 47 28 22 24 29 21 119 20
leaf_count=27 26 23 31 20 47 28 22 24 29 21 119 20
internal_value=0 -0.000136858 -0.000908719 0 -0.000123446 0.000521196 -0.000251043 -0.000802805 0 -0.00143908 -0.000157456 0
internal_weight=437 411 58 353 330 48 282 92 190 68 168 49
internal_count=437 411 58 353 330 48 282 92 190 68 168 49
is_linear=0
shrinkage=0.05


Tree=39
num_leaves=10
num_cat=0
split_feature=13 12 13 13 13 14 14 14 2
split_gain=0.0448218 0.146194 0.0389902 0.0367347 0.0725574 0.0991755 0.00180417 0.00236065 0.000432532
threshold=0.022165404003697872 2157.0000000000005 0.022931734705435015 0.025952877783354027 0.024861690819123181 0.025478740668614091 0.032876959106467311 0.043717152412804598 11.500000000000002
decision_type=2 2 2 2 2 2 2 2 2
left_child=1 -1 -2 4 5 -4 -5 -8 -9
right_child=2 -3 3 6 -6 -7 7 8 -10
leaf_value=0.0041882224842920831 -0.0023024163522285305 -0.0008126655061848208 -0.0020779663389644673 -0.00078634491402110394 0.0031017122905241303 0.0024733509956418875 9.0166941501412047e-05 -0.0003395813489179865 0
leaf_weight=25 21 32 29 32 25 20 21 210 22
leaf_count=25 21 32 29 32 25 20 21 210 22
internal_value=0 0.00129663 -0.000205518 -6.83279e-05 0.000905513 -0.000117199 -0.000338952 -0.000262321 -0.000315795
internal_weight=437 57 380 359 74 49 285 253 232
internal_count=437 57 380 359 74 49 285 253 232
is_linear=0
shrinkage=0.05


Tree=40
num_leaves=11
num_cat=0
split_feature=14 14 2 14 13 11 13 13 2 14
split_gain=0.0464819 0.0933724 0.0430916 0.0172997 0.0441888 0.123995 0.0068766 0.000844735 0.000899264 0.000129131
threshold=0.021622253389434319 0.01574900793650794 4.5000000000000009 0.025478740668614091 0.024024705487696592 0.25000000000000017 0.026191677175283735 0.11430749128919862 7.5000000000000009 0.13069358178053833
decision_type=2 2 2 2 2 2 2 2 2 2
left_child=1 2 -1 -2 5 -5 -6 8 -8 -9
right_child=3 -3 -4 4 6 -7 7 9 -10 -11
leaf_value=-0.0014572864860899291 -0.0015983389193863402 0.0039362020558849752 0.0012764439323330965 0.0039871094857945157 -0.001177287850449412 -0.0013170951698207069 -0.00018981084894433158 -0.00043699618776343651 6.1748764357727129e-05 -0.00011067447724371531
leaf_weight=26 23 21 32 22 28 20 82 107 23 53
leaf_count=26 23 21 32 22 28 20 82 107 23 53
internal_value=0 0.00108714 0 -0.00025188 -0.000144066 0.0013454 -0.000375019 -0.000270978 -8.71273e-05 -0.000360269
internal_weight=437 79 58 358 335 42 293 265 105 160
internal_count=437 79 58 358 335 42 293 265 105 160
is_linear=0
shrinkage=0.05


Tree=41
num_leaves=14
num_cat=0
split_feature=14 21 3 3 14 22 14 10 10 14 14 3 14
split_gain=0.0421104 0.0924402 0.102974 0.0155444 0.0462711 0.0214302 0.0548876 0.0248252 0.0131851 0.00392386 0.00103485 0.000727919 0.000214719
threshold=0.021622253389434319 1.0000000180025095e-35 4.5000000000000009 3.5000000000000004 0.054299754299754303 0.083333335816860213 0.028778467908902695 -0.5 0.68301270189221941 0.067231638418079109 0.100561797752809 1.0000000180025095e-35 0.11506935687263557
decision_type=2 2 2 2 2 2 2 2 2 2 2 2 2
left_child=1 2 -1 5 -5 6 -2 -8 11 -9 -6 -7 -12
right_child=3 -3 -4 4 10 8 7 9 -10 -11 12 -13 -14
leaf_value=0.0040580973493347288 -0.0032097931451353675 -0.0012855116860455767 -0.00023703235008431622 0.0018292821183071015 -0.00052708387167173807 0 0.00078924348624251318 -0.0013944317104176724 0.00093120345227227879 -0.0001827583648264408 0 -0.00043693554572691727 -0.00014569277582480522
leaf_weight=32 23 26 21 32 46 21 27 33 27 22 21 59 47
leaf_count=32 23 26 21 32 46 21 27 33 27 22 21 59 47
internal_value=0 0.00103302 0.00226485 -0.000241391 0.000128723 -0.000519795 -0.00102714 -0.000350867 0 -0.00100172 -0.000305991 -0.000343717 -8.24518e-05
internal_weight=437 79 53 358 146 212 105 82 107 55 114 80 68
internal_count=437 79 53 358 146 212 105 82 107 55 114 80 68
is_linear=0
shrinkage=0.05


Tree=42
num_leaves=14
num_cat=0
split_feature=13 0 13 13 11 0 22 23 2 11 22 2 2
split_gain=0.0381345 0.132933 0.0375824 0.0320963 0.0771429 0.11481 0.00152031 0.00445855 0.00429406 0.000748573 0.000635906 0.000639249 0.000352979
threshold=0.022165404003697872 999.00000000000011 0.022931734705435015 0.025952877783354027 -0.24999999999999994 999.00000000000011 0.050000002607703216 1.0000000180025095e-35 7.5000000000000009 1.0000000180025095e-35 0.11666667088866235 5.5000000000000009 9.5000000000000018
decision_type=2 2 2 2 2 2 2 2 2 2 2 2 2
left_child=1 -1 -2 4 5 -4 9 8 -8 -5 11 -9 -13
right_child=2 -3 3 6 -6 -7 7 10 -10 -11 -12 12 -14
leaf_value=0.0039524828544604514 -0.0022514767768258732 -0.00081488533203730889 -0.000259711020496262 -0.00098364720304752588 -0.0014257686309419671 0.0043101082281191685 -0.00012257635615855813 -3.2591952402903199e-05 0.0007022747839453506 -0.00012587028493611161 -0.00020171687837563514 -0.0010017000586278254 -0.00018598569490698195
leaf_weight=25 21 32 25 21 23 26 58 22 20 22 97 23 22
leaf_count=25 21 32 25 21 23 26 58 22 20 22 97 23 22
internal_value=-1.18059e-06 0.00119176 -0.000193543 -5.86449e-05 0.00085074 0.00197603 -0.000312519 -0.000229502 2.55318e-05 -0.000662104 -0.00038121 -0.000565869 -0.000715068
internal_weight=437 57 380 359 74 51 285 242 78 43 164 67 45
internal_count=437 57 380 359 74 51 285 242 78 43 164 67 45
is_linear=0
shrinkage=0.05


Tree=43
num_leaves=12
num_cat=0
split_feature=14 13 13 14 13 13 13 13 8 14 14
split_gain=0.0382789 0.0849937 0.154437 0.0162131 0.0412562 0.122925 0.00788193 0.000715321 0.000775746 0.00102316 6.7095e-05
threshold=0.021622253389434319 0.021185537798934607 0.024605688027819178 0.025478740668614091 0.024024705487696592 0.022039972581594052 0.026191677175283735 0.11430749128919862 1.0000000180025095e-35 0.10652482269503548 0.19017480409885476
decision_type=2 2 2 2 2 2 2 2 2 2 2
left_child=1 -1 -3 -2 5 -5 -6 8 9 -8 -9
right_child=3 2 -4 4 6 -7 7 10 -10 -11 -12
leaf_value=0.0036957569315508713 -0.0015393125336574144 -0.0018809367094086262 0.0035358706517006032 -0.0010937971699291765 -0.0012016827805677024 0.0041897326318630522 0.00033028053101100054 -0.00035598179076614159 -0.00024071105727774635 -9.3148558551551781e-05 0
leaf_weight=21 23 38 20 22 28 20 20 138 43 42 22
leaf_count=21 23 38 20 22 28 20 20 138 43 42 22
internal_value=-5.10738e-06 0.000978354 0 -0.000236303 -0.000131489 0.00130738 -0.000355178 -0.000246456 -7.28598e-05 0 -0.000329032
internal_weight=437 79 58 358 335 42 293 265 105 62 160
internal_count=437 79 58 358 335 42 293 265 105 62 160
is_linear=0
shrinkage=0.05


Tree=44
num_leaves=10
num_cat=0
split_feature=5 14 13 25 14 13 14 10 13
split_gain=0.0358612 0.016706 0.0476687 0.0355175 0.0291377 0.0224048 0.00758207 0.00826898 0.00294091
threshold=1.0000000180025095e-35 0.016261237440507673 0.022165404003697872 1.0000000180025095e-35 0.025478740668614091 0.024178558580165491 0.032433380084151482 -0.6830127018922193 0.11087643075715269
decision_type=2 2 2 2 2 2 2 2 2
left_child=1 3 -3 -1 -4 -6 -7 -8 -9
right_child=-2 2 4 -5 5 6 7 8 -10
leaf_value=-0.0022521829766967089 0.0017782171585122516 0.0017744010084245867 -0.0017976854426493703 8.775179260904477e-05 0.0015145151500735804 -0.0011005254908160293 0.0006169178982810159 -0.00079472940490208147 -0.00011108336721581916
leaf_weight=27 26 34 26 31 21 21 34 22 195
leaf_count=27 26 34 26 31 21 21 34 22 195
internal_value=-6.33706e-06 -0.000131796 0 -0.000917471 -0.000192364 -3.22886e-05 -0.000170599 -7.2477e-05 -0.000203758
internal_weight=437 411 353 58 319 293 272 251 217
internal_count=437 411 353 58 319 293 272 251 217
is_linear=0
shrinkage=0.05


Tree=45
num_leaves=14
num_cat=0
split_feature=14 21 4 8 13 25 14 14 14 20 2 14 13
split_gain=0.0373249 0.086447 0.0943229 0.0140161 0.0439024 0.0201313 0.0422367 0.0216354 0.009786 0.00108331 0.00186261 0.000211323 3.04033e-05
threshold=0.021622253389434319 1.0000000180025095e-35 1.0000000180025095e-35 -1.0000000180025095e-35 0.025379572118702558 0.21814115345478061 0.028778467908902695 0.035929432013769365 0.03478523895946764 1.0000000180025095e-35 7.5000000000000009 0.13015245623941277 0.11574818387519353
decision_type=2 2 2 2 2 2 2 2 2 2 2 2 2
left_child=1 2 -1 4 -2 6 -5 -8 -7 10 -6 -10 -11
right_child=3 -3 -4 5 9 8 7 -9 11 12 -12 -13 -14
leaf_value=0.0038757648231966474 0.0023070742576545224 -0.0012743651906163985 -0.00022653814414030565 -0.0030343540476390676 -0.00024483361892717922 0.00084648325637362858 0.00081364430345912684 -0.0012433664770084318 -0.00038778896856615937 -0.00041769402303674593 0.00035635736882130603 -2.6523326571239987e-05 -9.1304578337795258e-08
leaf_weight=32 20 26 21 22 35 20 21 28 82 43 20 39 28
leaf_count=32 20 26 21 22 35 20 21 28 82 43 20 39 28
internal_value=-5.45149e-06 0.000965501 0.0021588 -0.000233884 0.000115922 -0.000498303 -0.00119311 -0.000260096 -0.000112404 -0.000193783 0 -0.000312754 -0.000323561
internal_weight=437 79 53 358 146 212 71 49 141 126 55 121 71
internal_count=437 79 53 358 146 212 71 49 141 126 55 121 71
is_linear=0
shrinkage=0.05


Tree=46
num_leaves=15
num_cat=0
split_feature=14 14 2 3 13 22 14 11 22 3 13 20 2 14
split_gain=0.0334152 0.0836923 0.0372765 0.0126175 0.0397219 0.0190608 0.0439899 0.0241128 0.0302633 0.010752 0.0168912 0.00100279 0.00168172 0.00100073
threshold=0.021622253389434319 0.01574900793650794 4.5000000000000009 3.5000000000000004 0.025379572118702558 0.083333335816860213 0.028778467908902695 -0.68301270189221952 1.0000000180025095e-35 1.5000000000000002 0.11469173463721398 1.0000000180025095e-35 7.5000000000000009 0.12429775280898878
decision_type=2 2 2 2 2 2 2 2 2 2 2 2 2 2
left_child=1 2 -1 5 -5 6 -2 -8 -9 10 -7 12 -6 -11
right_child=3 -3 -4 4 11 9 7 8 -10 13 -12 -13 -14 -15
leaf_value=-0.0014714946208514588 -0.0029124789117347624 0.0036093963685299825 0.0010689166325182186 0.0021922942125863995 -0.00023262681797056584 0.001622644624611036 -0.0016882947349548439 0.0017714740899599979 -0.00059818994987809789 -0.00068125680584530139 -8.5608137156095628e-05 -0.00031092838402549351 0.00033862817133614671 0
leaf_weight=26 23 21 32 20 35 21 24 20 38 34 31 71 20 21
leaf_count=26 23 21 32 20 35 21 24 20 38 34 31 71 20 21
internal_value=-6.87942e-06 0.000911055 0 -0.000223601 0.000106772 -0.000474638 -0.000952907 -0.000339492 0.00013452 0 0.000510084 -0.000186089 0 -0.000491754
internal_weight=437 79 58 358 146 212 105 82 58 107 52 126 55 55
internal_count=437 79 58 358 146 212 105 82 58 107 52 126 55 55
is_linear=0
shrinkage=0.05


Tree=47
num_leaves=13
num_cat=0
split_feature=5 14 22 14 11 22 0 0 14 3 3 3
split_gain=0.0312394 0.0171868 0.0345492 0.016857 0.0108056 0.0354753 0.0156282 0.00938824 0.00447433 0.000967921 0.000349847 5.18161e-05
threshold=1.0000000180025095e-35 0.016261237440507673 1.0000000180025095e-35 0.023122159850307408 -0.24999999999999994 1.0000000180025095e-35 999.00000000000011 999.00000000000011 0.072690217391304365 3.5000000000000004 4.5000000000000009 2.5000000000000004
decision_type=2 2 2 2 2 2 2 2 2 2 2 2
left_child=1 2 -1 -3 5 -5 9 8 -7 -6 -11 -10
right_child=-2 3 -4 4 6 7 -8 -9 11 10 -12 -13
leaf_value=-0.0022374346177007768 0.0016570153756787949 0.0013113972698681024 6.5789001859919909e-05 0.0021487900940933037 -0.0002493312916719734 -0.00094609824043479472 -0.0015100999195747271 0.00073802442882382703 0 0.00016571546921439735 -7.5983717846118384e-05 -0.00010849823213691229
leaf_weight=27 26 23 31 20 71 22 27 27 36 25 32 70
leaf_count=27 26 23 31 20 71 22 27 27 36 25 32 70
internal_value=-7.51948e-06 -0.000125358 -0.000922348 0 -8.55489e-05 0.000163855 -0.000399296 -6.12482e-05 -0.000269321 -0.000124958 0 -8.09735e-05
internal_weight=437 411 58 353 330 175 155 155 128 128 57 106
internal_count=437 411 58 353 330 175 155 155 128 128 57 106
is_linear=0
shrinkage=0.05


Tree=48
num_leaves=11
num_cat=0
split_feature=13 20 0 13 14 14 22 12 14 13
split_gain=0.0319373 0.0139795 0.0268234 0.111842 0.0618718 0.0612183 0.071869 0.0134935 0.00313979 0.000218607
threshold=0.021140303358613222 1.0000000180025095e-35 999.00000000000011 0.023563181572278696 0.032086479066575156 0.028778467908902695 1.0000000180025095e-35 2922.0000000000005 0.100561797752809 0.11374347904299335
decision_type=2 2 2 2 2 2 2 2 2 2
left_child=-1 2 5 -4 -5 -2 -7 -3 -8 -10
right_child=1 7 3 4 -6 6 8 -9 9 -11
leaf_value=0.0013444330633791816 -0.0023164572502671729 -0.0013977925675508738 -0.0016326070829958792 0.004126016518279197 0.00011832927422023454 0.0029666572452444044 -0.00069906824945665874 -0.00023067560657195332 1.3116452892192833e-05 -0.00013429855504707491
leaf_weight=39 29 34 25 25 20 20 35 159 21 30
leaf_count=39 29 34 25 25 20 20 35 159 21 30
internal_value=-6.67332e-06 -0.000151932 0.000116436 0.000926719 0.0024599 -0.000267076 0.000248133 -0.000462792 -0.000328722 0
internal_weight=437 398 205 70 45 135 106 193 86 51
internal_count=437 398 205 70 45 135 106 193 86 51
is_linear=0
shrinkage=0.05


Tree=49
num_leaves=12
num_cat=0
split_feature=14 21 4 14 0 22 20 14 2 14 21
split_gain=0.030947 0.0795613 0.0819634 0.0129486 0.0299186 0.0103568 0.014861 0.0281489 0.01391 0.00205139 0.000376501
threshold=0.021622253389434319 1.0000000180025095e-35 1.0000000180025095e-35 0.025478740668614091 639.50000000000011 0.050000002607703216 1.0000000180025095e-35 0.085960591133004943 7.5000000000000009 0.052357456140350887 0.10714286193251611
decision_type=2 2 2 2 2 2 2 2 2 2 2
left_child=1 2 -1 -2 -5 8 7 -7 -6 -8 -9
right_child=3 -3 -4 4 5 6 9 10 -10 -11 -12
leaf_value=0.003624878063032003 -0.0013826059822589804 -0.0012700633710549995 -0.00018339617899508693 0.0015479722156390332 -0.0014178157147598041 0.0020694384819640319 -0.00078936169541539078 0 0 -0.00022598453409649512 -0.00021446325178412604
leaf_weight=32 23 26 21 24 40 20 35 38 28 129 21
leaf_count=32 23 26 21 24 40 20 35 38 28 129 21
internal_value=-6.31498e-06 0.000876615 0.00202427 -0.000215305 -0.000119852 -0.000265087 -8.88517e-05 0.000446035 -0.000820391 -0.000377094 -2.22396e-05
internal_weight=437 79 53 358 335 311 243 79 68 164 59
internal_count=437 79 53 358 335 311 243 79 68 164 59
is_linear=0
shrinkage=0.05


Tree=50
num_leaves=12
num_cat=0
split_feature=13 0 13 13 11 0 22 13 11 2 11
split_gain=0.0288021 0.110171 0.036085 0.0262447 0.0721037 0.099041 0.00332126 0.00136833 0.00114189 0.000338428 0.000295423
threshold=0.022165404003697872 999.00000000000011 0.022931734705435015 0.025952877783354027 -0.24999999999999994 999.00000000000011 0.050000002607703216 0.11430749128919862 1.0000000180025095e-35 7.5000000000000009 -0.68301270189221952
decision_type=2 2 2 2 2 2 2 2 2 2 2
left_child=1 -1 -2 4 5 -4 8 9 -5 -8 -9
right_child=2 -3 3 6 -6 -7 7 10 -10 -11 -12
leaf_value=0.003546466281177454 -0.0021909221477135663 -0.00078964348812805168 -0.00019329255817836498 -0.001084666839712567 -0.0014217830974673166 0.0040355365202401792 -7.5935815007762488e-05 -3.0772856513216881e-05 -0.00014523897347423957 0.00013739855181893487 -0.00034328245243247526
leaf_weight=25 21 32 25 21 23 26 71 51 22 23 97
leaf_count=25 21 32 25 21 23 26 71 51 22 23 97
internal_value=-7.21492e-06 0.00102747 -0.000175802 -4.3425e-05 0.000777769 0.00186841 -0.000274383 -0.00017402 -0.000721491 0 -0.000269448
internal_weight=437 57 380 359 74 51 285 242 43 94 148
internal_count=437 57 380 359 74 51 285 242 43 94 148
is_linear=0
shrinkage=0.05


Tree=51
num_leaves=12
num_cat=0
split_feature=14 13 13 14 13 11 13 13 2 11 14
split_gain=0.0281015 0.07305 0.129218 0.0130148 0.0304543 0.110216 0.00919317 0.00109556 0.000477936 0.000396747 1.75292e-05
threshold=0.021622253389434319 0.021185537798934607 0.024605688027819178 0.025478740668614091 0.024024705487696592 0.25000000000000017 0.026191677175283735 0.11430749128919862 7.5000000000000009 -0.68301270189221952 0.13069358178053833
decision_type=2 2 2 2 2 2 2 2 2 2 2
left_child=1 -1 -3 -2 5 -5 -6 8 -8 10 -9
right_child=3 2 -4 4 6 -7 7 9 -10 -11 -12
leaf_value=0.0033530698654405167 -0.0013784363969164654 -0.0017964833699444214 0.0031550606907303652 0.0036195896228783803 -0.0012050314488641759 -0.0013875591423853639 -0.00010721506813232505 -5.3043748960318183e-05 0.00010762653521209696 -0.00035333397550044003 0
leaf_weight=21 23 38 20 22 28 20 82 31 23 109 20
leaf_count=21 23 38 20 22 28 20 82 31 23 109 20
internal_value=-9.69741e-06 0.000830853 -5.04243e-07 -0.000209325 -0.000113749 0.00111884 -0.000307814 -0.000193734 -1.25232e-05 -0.000281341 -2.92372e-05
internal_weight=437 79 58 358 335 42 293 265 105 160 51
internal_count=437 79 58 358 335 42 293 265 105 160 51
is_linear=0
shrinkage=0.05


Tree=52
num_leaves=12
num_cat=0
split_feature=14 21 3 14 13 13 13 13 2 11 14
split_gain=0.0254921 0.072335 0.0757556 0.0116763 0.0273573 0.108413 0.00822103 0.00100292 0.000433567 0.000305997 1.59974e-05
threshold=0.021622253389434319 1.0000000180025095e-35 4.5000000000000009 0.025478740668614091 0.024024705487696592 0.022039972581594052 0.026191677175283735 0.11430749128919862 7.5000000000000009 -0.68301270189221952 0.13069358178053833
decision_type=2 2 2 2 2 2 2 2 2 2 2
left_child=1 2 -1 -2 5 -5 -6 8 -8 10 -9
right_child=3 -3 -4 4 6 -7 7 9 -10 -11 -12
leaf_value=0.0034286219394559802 -0.0013098129309165529 -0.0012544980707089506 -0.00023025373196653069 -0.0011940107235739776 -0.0011449942955858276 0.0037759521142093099 -0.0001018608414769926 -5.0400089512959448e-05 0.00010226851007175423 -0.0003356834702508731 0
leaf_weight=32 23 26 21 22 28 20 82 31 23 109 20
leaf_count=32 23 26 21 22 28 20 82 31 23 109 20
internal_value=-1.02934e-05 0.000789608 0.00188701 -0.000200942 -0.000109521 0.00105722 -0.00029413 -0.000184969 -9.51829e-06 -0.0002688 -2.76283e-05
internal_weight=437 79 53 358 335 42 293 265 105 160 51
internal_count=437 79 53 358 335 42 293 265 105 160 51
is_linear=0
shrinkage=0.05


Tree=53
num_leaves=13
num_cat=0
split_feature=5 25 3 13 13 0 13 13 20 2 2 8
split_gain=0.0256622 0.014667 0.0479604 0.0405926 0.0314232 0.0940176 0.0287713 0.0185443 0.000714658 0.000667598 0.000205802 6.17384e-07
threshold=1.0000000180025095e-35 0.21814115345478061 1.0000000180025095e-35 0.027093156620364472 0.023151134976327783 999.00000000000011 0.02110261291651359 0.024977877373805541 1.0000000180025095e-35 7.5000000000000009 6.5000000000000009 0.6078576107927941
decision_type=2 2 2 2 2 2 2 2 2 2 2 2
left_child=1 2 -1 -3 5 -4 -7 -6 10 11 -5 -10
right_child=-2 3 4 8 7 6 -8 -9 9 -11 -12 -13
leaf_value=-0.0023808192754010225 0.001494737740934352 0.0020200156634562162 0.0028389984282546537 -1.1308974090901655e-05 -0.0020608347968613622 -0.0021478082640405513 0.00030285769089244272 -0.00011114154366509573 -1.6963774593780813e-05 -0.0003066111055579706 0.00013005501293636041 0
leaf_weight=28 26 25 29 42 23 21 21 39 70 55 30 28
leaf_count=28 26 25 29 42 23 21 21 39 70 55 30 28
internal_value=-1.20295e-05 -0.000119851 -0.000497614 0.000103538 -6.20926e-05 0.000614436 -0.000805902 -0.000917084 -8.79946e-05 -0.000151836 0 -1.37804e-05
internal_weight=437 411 161 250 133 71 42 62 225 153 72 98
internal_count=437 411 161 250 133 71 42 62 225 153 72 98
is_linear=0
shrinkage=0.05


Tree=54
num_leaves=14
num_cat=0
split_feature=14 14 3 14 13 11 13 13 8 14 14 14 11
split_gain=0.023568 0.0700704 0.0264569 0.0112762 0.024645 0.100695 0.00743462 0.000934832 0.000360893 0.00100277 0.000277798 0.000427081 1.5591e-05
threshold=0.021622253389434319 0.01574900793650794 1.5000000000000002 0.025478740668614091 0.024024705487696592 0.25000000000000017 0.026191677175283735 0.11430749128919862 1.0000000180025095e-35 0.10652482269503548 0.13069358178053833 0.057148040638606686 -0.68301270189221952
decision_type=2 2 2 2 2 2 2 2 2 2 2 2 2
left_child=1 2 -1 -2 5 -5 -6 8 9 -8 11 -9 -12
right_child=3 -3 -4 4 6 -7 7 10 -10 -11 12 -13 -14
leaf_value=0.0012089345812780691 -0.0012854577658508474 0.0032308415933490079 -0.00097096142651889876 0.0033967118255153494 -0.0010926742176691011 -0.0013907965809565538 0.0003501700421572843 0 -0.00014448842072098788 -3.3874072813630235e-05 0 -0.00038046158636308945 -4.9194211444150644e-05
leaf_weight=22 23 21 36 22 28 20 20 22 43 42 20 85 33
leaf_count=22 23 21 36 22 28 20 20 22 43 42 20 85 33
internal_value=-1.20214e-05 0.000756467 -5.73882e-05 -0.00019573 -0.000105631 0.00100029 -0.000281506 -0.000176557 -5.85282e-06 9.86022e-06 -0.000257277 -0.000324111 -2.78301e-05
internal_weight=437 79 58 358 335 42 293 265 105 62 160 107 53
internal_count=437 79 58 358 335 42 293 265 105 62 160 107 53
is_linear=0
shrinkage=0.05


Tree=55
num_leaves=11
num_cat=0
split_feature=5 14 13 14 13 13 14 2 13 13
split_gain=0.023251 0.0191494 0.0335773 0.0268184 0.0223938 0.0117868 0.00636333 0.00403793 0.0171915 0.00412897
threshold=1.0000000180025095e-35 0.016261237440507673 0.022165404003697872 0.025478740668614091 0.024024705487696592 0.024178558580165491 0.032433380084151482 7.5000000000000009 0.11430749128919862 0.11087643075715269
decision_type=2 2 2 2 2 2 2 2 2 2
left_child=1 4 -3 -4 -1 -5 -7 9 -9 -8
right_child=-2 2 3 5 -6 6 7 8 -10 -11
leaf_value=-0.0016894944494937271 0.0014199570128230301 0.0015121130301423173 -0.0016728923624377856 0.0011381599734321026 0.00018173266591420812 -0.00092470738500239713 -0.00084427493214329235 0.0015553885482979095 -7.0315622638853081e-05 -3.0528529854955541e-05
leaf_weight=38 26 34 26 21 20 21 20 20 61 150
leaf_count=38 26 34 26 21 20 21 20 20 61 150
internal_value=-1.33536e-05 -0.000116511 7.98408e-06 -0.000137085 -0.000958983 0 -8.85577e-05 0 0.000270863 -0.000156098
internal_weight=437 411 353 319 58 293 272 251 81 170
internal_count=437 411 353 319 58 293 272 251 81 170
is_linear=0
shrinkage=0.05


Tree=56
num_leaves=12
num_cat=0
split_feature=14 24 3 13 13 13 13 8 14 11 3
split_gain=0.0236796 0.0670483 0.0674231 0.01181 0.0455906 0.00868026 0.000861402 0.000587059 0.000924281 0.000409552 1.18893e-05
threshold=0.021622253389434319 1.0000000180025095e-35 4.5000000000000009 0.022039972581594052 0.024024705487696592 0.026191677175283735 0.11374347904299335 1.0000000180025095e-35 0.10652482269503548 -0.68301270189221952 2.5000000000000004
decision_type=2 2 2 2 2 2 2 2 2 2 2
left_child=1 2 -1 -2 -5 -6 7 8 -7 10 -8
right_child=3 -3 -4 4 5 6 9 -9 -10 -11 -12
leaf_value=0.0032689240247568232 -0.0011979792785774452 -0.0012062464573088733 -0.0001669222501137457 0.0018444070456776344 -0.0010956633484609007 0.00033120393951612957 0 -0.00018828744470059575 0 -0.00029778758061639019 -3.347428125828865e-05
leaf_weight=32 28 26 21 27 32 23 22 35 28 126 37
leaf_count=32 28 26 21 27 32 23 22 35 28 126 37
internal_value=-1.26793e-05 0.000757615 0.00181564 -0.000196787 -9.63535e-05 -0.00028634 -0.000171962 0 6.61015e-05 -0.000234402 -1.41591e-05
internal_weight=437 79 53 358 330 303 271 86 51 185 59
internal_count=437 79 53 358 330 303 271 86 51 185 59
is_linear=0
shrinkage=0.05


Tree=57
num_leaves=10
num_cat=0
split_feature=14 14 13 13 14 2 14 2 22
split_gain=0.0222485 0.0398782 0.0290979 0.0739666 0.0560309 0.118986 0.0249 0.0126861 0.00119052
threshold=0.035929432013769365 0.041885964912280707 0.025952877783354027 0.024756244776673788 0.016261237440507673 4.5000000000000009 0.054299754299754303 3.5000000000000004 0.050000002607703216
decision_type=2 2 2 2 2 2 2 2 2
left_child=2 -2 3 4 7 -6 -3 -1 -8
right_child=1 6 -4 -5 5 -7 8 -9 -10
leaf_value=-0.0018722995837551976 -0.002091308953729375 0.0015803059883074272 -0.00070178202195141928 0.003466991770315106 0.0038143188118581368 -0.00076455686065729619 -0.0005977516995784261 -2.0747678889625363e-05 -0.00015912677397347658
leaf_weight=22 28 20 38 22 26 28 32 26 195
leaf_count=22 28 20 38 22 26 28 32 26 195
internal_value=-1.41893e-05 -0.000298928 0.000438205 0.000828129 0.000207153 0.00135064 -7.47443e-05 -0.000975454 -0.000243212
internal_weight=437 275 162 124 102 54 247 48 227
internal_count=437 275 162 124 102 54 247 48 227
is_linear=0
shrinkage=0.05


Tree=58
num_leaves=13
num_cat=0
split_feature=5 22 3 0 13 0 13 13 13 13 8 11
split_gain=0.020494 0.0158211 0.045006 0.0381669 0.0247408 0.0858295 0.0268163 0.0176073 0.00162405 0.000129528 4.25803e-05 2.07124e-05
threshold=1.0000000180025095e-35 0.050000002607703216 1.0000000180025095e-35 999.00000000000011 0.023151134976327783 999.00000000000011 0.02110261291651359 0.024977877373805541 0.11239279303237819 0.11374347904299335 0.87837969732492682 -0.9330127018922193
decision_type=2 2 2 2 2 2 2 2 2 2 2 2
left_child=1 2 -1 8 5 -4 -7 -6 -3 -10 11 -11
right_child=-2 3 4 -5 7 6 -8 -9 9 10 -12 -13
leaf_value=-0.0023316830718140796 0.0013292458943194813 -0.00052392046911844991 0.0026432042615008107 0.0017681835449848719 -0.0019515274287084544 -0.0021330207153731047 0.00021386854907815562 -5.7365533733821432e-05 0 0 0 -6.778237574133477e-05
leaf_weight=28 26 21 29 31 23 21 21 39 36 21 20 121
leaf_count=28 26 21 29 31 23 21 21 39 36 21 20 121
internal_value=-1.51653e-05 -0.000112678 -0.000505403 0.000120345 -8.18944e-05 0.00051228 -0.000843091 -0.000842565 -9.07903e-05 -1.93712e-05 -4.95605e-05 -5.95908e-05
internal_weight=437 411 161 250 133 71 42 62 219 198 162 142
internal_count=437 411 161 250 133 71 42 62 219 198 162 142
is_linear=0
shrinkage=0.05


Tree=59
num_leaves=13
num_cat=0
split_feature=14 13 13 13 13 0 13 14 2 14 2 11
split_gain=0.0224082 0.0639916 0.114169 0.0124888 0.0439032 0.0157017 0.00447735 0.000825773 0.000564304 0.000648997 0.000532324 4.41293e-06
threshold=0.021622253389434319 0.021185537798934607 0.024605688027819178 0.022992749731471539 0.024605688027819178 999.00000000000011 0.026191677175283735 0.042781972088766877 11.500000000000002 0.13015245623941277 7.5000000000000009 -0.68301270189221952
decision_type=2 2 2 2 2 2 2 2 2 2 2 2
left_child=1 -1 -3 5 -5 -2 -6 -8 9 10 -9 -11
right_child=3 2 -4 4 6 -7 7 8 -10 11 -12 -13
leaf_value=0.0030982607062762573 0 -0.0017313843563401014 0.0029193236024596201 0.0021686719012312334 -0.00092208638098053783 -0.0019313166714463028 0 -0.00014884920281580478 0 0 -0.0005405467775963091 -3.1103941978154302e-05
leaf_weight=21 20 38 20 20 25 22 38 96 22 28 37 50
leaf_count=21 20 38 20 20 25 22 38 96 22 28 37 50
internal_value=-1.44917e-05 0.000734336 -3.9369e-05 -0.000193857 -6.89165e-05 -0.00101273 -0.000237672 -0.000155774 -0.000192556 -0.000218231 -0.000295708 -2.18941e-05
internal_weight=437 79 58 358 316 42 296 271 233 211 133 78
internal_count=437 79 58 358 316 42 296 271 233 211 133 78
is_linear=0
shrinkage=0.05


Tree=60
num_leaves=12
num_cat=0
split_feature=14 21 4 13 13 13 13 8 8 11 14
split_gain=0.0203164 0.0631301 0.06181 0.0112538 0.0390546 0.0089299 0.000797465 0.000497267 0.000851066 0.000285855 1.56996e-06
threshold=0.021622253389434319 1.0000000180025095e-35 1.0000000180025095e-35 0.022039972581594052 0.024024705487696592 0.026191677175283735 0.11374347904299335 1.0000000180025095e-35 -0.60785761079279388 -0.68301270189221952 0.13244153082919918
decision_type=2 2 2 2 2 2 2 2 2 2 2
left_child=1 2 -1 -2 -5 -6 7 8 -7 10 -8
right_child=3 -3 -4 4 5 6 9 -9 -10 -11 -12
leaf_value=0.003119211486682899 -0.0011624080172364577 -0.0012066587357036057 -0.0001625497375230936 0.0017071620956393186 -0.0010804326455014529 0 -1.2689638120998342e-05 -0.00016444059809539837 0.00029893442911071858 -0.00026324017135259122 0
leaf_weight=32 28 26 21 27 32 24 37 35 27 126 22
leaf_count=32 28 26 21 27 32 24 37 35 27 126 22
internal_value=-1.44511e-05 0.00069789 0.00172687 -0.000185757 -8.74159e-05 -0.000264335 -0.000149163 0 7.58564e-05 -0.000208226 -5.8884e-06
internal_weight=437 79 53 358 330 303 271 86 51 185 59
internal_count=437 79 53 358 330 303 271 86 51 185 59
is_linear=0
shrinkage=0.05


Tree=61
num_leaves=13
num_cat=0
split_feature=14 14 2 13 13 0 13 14 2 14 2 11
split_gain=0.0181655 0.0588939 0.0277271 0.0111491 0.038123 0.014109 0.00339691 0.000762114 0.000544414 0.000568406 0.000380554 2.08744e-06
threshold=0.021622253389434319 0.01574900793650794 4.5000000000000009 0.022992749731471539 0.024605688027819178 999.00000000000011 0.026191677175283735 0.042781972088766877 11.500000000000002 0.13015245623941277 7.5000000000000009 -0.68301270189221952
decision_type=2 2 2 2 2 2 2 2 2 2 2 2
left_child=1 2 -1 5 -5 -2 -6 -8 9 10 -9 -11
right_child=3 -3 -4 4 6 -7 7 8 -10 11 -12 -13
leaf_value=-0.0013683035461253476 0 0.0029284744426360909 0.00080603109455066864 0.0020243844320297945 -0.00082235929502389468 -0.0018227760567818664 0 -0.00013829100179114928 0 0 -0.0005021142031437488 -2.2875231610770944e-05
leaf_weight=26 20 21 32 20 25 22 38 96 22 28 37 50
leaf_count=26 20 21 32 20 25 22 38 96 22 28 37 50
internal_value=-1.59013e-05 0.000656785 -8.32896e-05 -0.000178448 -5.95482e-05 -0.000951995 -0.000217877 -0.000143387 -0.000179123 -0.000204637 -0.000277372 -1.63968e-05
internal_weight=437 79 58 358 316 42 296 271 233 211 133 78
internal_count=437 79 58 358 316 42 296 271 233 211 133 78
is_linear=0
shrinkage=0.05


Tree=62
num_leaves=13
num_cat=0
split_feature=5 14 22 2 14 14 10 14 11 21 14 2
split_gain=0.0177656 0.0194287 0.0379603 0.0102178 0.106773 0.0563025 0.0278729 0.0262113 0.0160127 0.0078626 0.00582083 5.17102e-05
threshold=1.0000000180025095e-35 0.016261237440507673 1.0000000180025095e-35 4.5000000000000009 0.030776515151515155 0.032086479066575156 -0.6830127018922193 0.043717152412804598 -0.9330127018922193 1.0000000180025095e-35 0.067231638418079109 11.500000000000002
decision_type=2 2 2 2 2 2 2 2 2 2 2 2
left_child=1 2 -1 4 -3 9 -7 -8 -9 -5 -6 -10
right_child=-2 3 -4 5 10 6 7 8 11 -11 -12 -13
leaf_value=-0.0023357399519381705 0.0012347245174977517 0.0035622298660476339 8.7159846900360371e-05 -0.0025406408930011897 -0.00090550674982201984 0.0014282635377809113 -0.0013702363356836562 0.0013568314196902747 -5.0023497224615328e-05 -0.00070445666287104842 0 0
leaf_weight=27 26 22 31 23 25 37 32 25 70 21 76 22
leaf_count=27 26 22 31 23 25 37 32 25 70 21 76 22
internal_value=-1.57349e-05 -0.000107283 -0.000956762 1.83627e-05 0.000398356 -0.000163206 0.000193439 -8.04127e-05 0.00023053 -0.00178124 -0.00024419 -2.23824e-05
internal_weight=437 411 58 353 123 230 186 149 117 44 101 92
internal_count=437 411 58 353 123 230 186 149 117 44 101 92
is_linear=0
shrinkage=0.05


Tree=63
num_leaves=10
num_cat=0
split_feature=13 0 13 13 11 0 14 14 11
split_gain=0.0195565 0.0828526 0.039158 0.0211783 0.0673322 0.0901858 0.0043441 0.00208961 0.000600522
threshold=0.022165404003697872 999.00000000000011 0.022931734705435015 0.025952877783354027 -0.24999999999999994 999.00000000000011 0.032876959106467311 0.043717152412804598 0.93301270189221952
decision_type=2 2 2 2 2 2 2 2 2
left_child=1 -1 -2 4 5 -4 -5 -8 -9
right_child=2 -3 3 6 -6 -7 7 8 -10
leaf_value=0.0030267966385008728 -0.0022518458520172611 -0.00072652573031416852 -0.00018394577884638452 -0.00081098499842788849 -0.0014048672402723597 0.0038438254507023027 0.00025192591993709786 -0.00021742272419673925 0
leaf_weight=25 21 32 25 32 23 26 21 210 22
leaf_count=25 21 32 25 32 23 26 21 210 22
internal_value=-1.50097e-05 0.00083452 -0.00015578 -1.86519e-05 0.000718682 0.00177508 -0.000227823 -0.000134017 -0.000190587
internal_weight=437 57 380 359 74 51 285 253 232
internal_count=437 57 380 359 74 51 285 253 232
is_linear=0
shrinkage=0.05


Tree=64
num_leaves=14
num_cat=0
split_feature=13 0 13 13 11 0 25 11 25 13 11 11 13
split_gain=0.0175453 0.0749621 0.0353105 0.0188334 0.0607283 0.0817611 0.0026745 0.00243334 0.00101827 0.000504968 0.000379032 0.00069981 0.000223361
threshold=0.022165404003697872 999.00000000000011 0.022931734705435015 0.025952877783354027 -0.24999999999999994 999.00000000000011 0.21814115345478061 1.0000000180025095e-35 0.2794183492660523 0.11574818387519353 -0.68301270189221952 0.6830127018922193 0.11199116145898171
decision_type=2 2 2 2 2 2 2 2 2 2 2 2 2
left_child=1 -1 -2 4 5 -4 7 -5 12 10 -10 -12 -8
right_child=2 -3 3 6 -6 -7 8 -9 9 -11 11 -13 -14
leaf_value=0.0028760598046566909 -0.0021397872373320483 -0.00069031259240843708 -0.00017478520645939955 -0.0010288505987109732 -0.0013349279871682166 0.0036523705305553027 0.00016267938391521783 0 0 0 -0.00038824493978593076 0 0
leaf_weight=25 21 32 25 21 23 26 21 22 31 61 68 22 39
leaf_count=25 21 32 25 21 23 26 21 22 31 61 68 22 39
internal_value=-1.52203e-05 0.000788618 -0.000149126 -1.81937e-05 0.000676153 0.0016818 -0.000216192 -0.00061406 -0.000124619 -0.000186082 -0.000249986 -0.000307427 0
internal_weight=437 57 380 359 74 51 285 43 242 182 121 90 60
internal_count=437 57 380 359 74 51 285 43 242 182 121 90 60
is_linear=0
shrinkage=0.05


Tree=65
num_leaves=11
num_cat=0
split_feature=14 13 13 13 13 25 14 13 13 13
split_gain=0.0195309 0.0696302 0.0217486 0.0192784 0.033742 0.0173085 0.0356689 0.00545257 0.000557236 0.000259982
threshold=0.018350168350168353 0.02135449239107776 0.024270660407109242 0.021892640323783154 0.023151134976327783 1.0000000180025095e-35 0.029631255487269536 0.069645220083389525 0.11374347904299335 0.11557385644111409
decision_type=2 2 2 2 2 2 2 2 2 2
left_child=1 -1 -3 -2 -5 -6 -7 -8 -9 -10
right_child=3 2 -4 4 5 6 7 8 9 -11
leaf_value=0.0032350676257015009 -0.0014388406790918887 -0.0011714919156737102 0.00093426288010561788 0.0018148539543606981 -0.0012884538766669161 0.0018508718706713779 -0.00093869952505585023 0 -0.00025255010196910101 -2.282203283608033e-05
leaf_weight=20 28 28 20 22 33 22 27 63 95 79
leaf_count=20 28 28 20 22 33 22 27 63 95 79
internal_value=-1.7528e-05 0.000747204 -0.000190026 -0.000172165 -5.31067e-05 -0.000198129 -5.44395e-05 -0.000232788 -0.000130918 -0.00017704
internal_weight=437 68 48 369 341 319 286 264 237 174
internal_count=437 68 48 369 341 319 286 264 237 174
is_linear=0
shrinkage=0.05


Tree=66
num_leaves=12
num_cat=0
split_feature=14 13 13 10 14 14 22 13 3 14 2
split_gain=0.0176991 0.0628371 0.0196721 0.0179587 0.0687397 0.0343334 0.0425713 0.0166154 0.0140397 0.010999 0.00029235
threshold=0.018350168350168353 0.02135449239107776 0.024270660407109242 -0.6830127018922193 0.042781972088766877 0.043717152412804598 0.083333335816860213 0.11165991320401852 3.5000000000000004 0.028778467908902695 11.500000000000002
decision_type=2 2 2 2 2 2 2 2 2 2 2
left_child=1 -1 -3 4 -2 6 8 -7 9 -5 -9
right_child=3 2 -4 5 -6 7 -8 10 -10 -11 -12
leaf_value=0.0030741189708423551 0.0027111609781776116 -0.0011131257623942816 0.00088778199287437238 -0.003052564744244922 -0.00065548047031127826 0.001334266932299956 0.00083266424148701734 -0.00013660809041976288 -0.0002331475014808878 -0.0012348233347161603 0
leaf_weight=20 24 28 20 23 37 22 20 161 22 38 22
leaf_count=20 24 28 20 23 37 22 20 161 22 38 22
internal_value=-1.72174e-05 0.000710064 -0.000175352 -0.000164945 0.000589536 -0.000330742 -0.0010764 1.98697e-05 -0.00159703 -0.00200591 -0.00011148
internal_weight=437 68 48 369 61 308 103 205 83 61 183
internal_count=437 68 48 369 61 308 103 205 83 61 183
is_linear=0
shrinkage=0.05


Tree=67
num_leaves=12
num_cat=0
split_feature=14 21 4 14 13 11 13 14 2 14 2
split_gain=0.0162111 0.0593042 0.0564404 0.0119147 0.0189597 0.0886499 0.00820693 0.000719066 0.000484463 0.000554036 0.000308078
threshold=0.021622253389434319 1.0000000180025095e-35 1.0000000180025095e-35 0.025478740668614091 0.024024705487696592 0.25000000000000017 0.026191677175283735 0.042781972088766877 11.500000000000002 0.13015245623941277 7.5000000000000009
decision_type=2 2 2 2 2 2 2 2 2 2 2
left_child=1 2 -1 -2 5 -5 -6 -8 9 10 -9
right_child=3 -3 -4 4 6 -7 7 8 -10 -11 -12
leaf_value=0.0029513327532514604 -0.0012843544984758465 -0.001227750476999244 -0.00017873614769780972 0.0031448564277245447 -0.0010736979089272989 -0.0013453929866339772 0 -0.00012187753184517342 0 -2.9901673064224877e-06 -0.00046419906303058427
leaf_weight=32 23 26 21 22 28 20 32 96 22 78 37
leaf_count=32 23 26 21 22 28 20 32 96 22 78 37
internal_value=-1.61464e-05 0.000618485 0.00161895 -0.000170287 -7.85173e-05 0.000889761 -0.00023463 -0.000126741 -0.000161185 -0.000185541 -0.000254953
internal_weight=437 79 53 358 335 42 293 265 233 211 133
internal_count=437 79 53 358 335 42 293 265 233 211 133
is_linear=0
shrinkage=0.05


Tree=68
num_leaves=10
num_cat=0
split_feature=5 14 22 13 14 13 14 10 13
split_gain=0.0150143 0.0208263 0.0398077 0.0264533 0.0251944 0.0070181 0.00672763 0.00629634 0.00307557
threshold=1.0000000180025095e-35 0.016261237440507673 1.0000000180025095e-35 0.022165404003697872 0.025478740668614091 0.024178558580165491 0.032433380084151482 -0.6830127018922193 0.11087643075715269
decision_type=2 2 2 2 2 2 2 2 2
left_child=1 2 -1 -3 -5 -6 -7 -8 -9
right_child=-2 3 -4 4 5 6 7 8 -10
leaf_value=-0.0023945032588869497 0.0011302847372389388 0.0013624175014028933 8.9805144666438806e-05 -0.0015904165872406588 0.00090607329761671239 -0.00089849746682332452 0.00066482516386630862 -0.00061835285560101513 0
leaf_weight=27 26 34 31 26 21 21 34 22 195
leaf_count=27 26 34 31 26 21 21 34 22 195
internal_value=-1.75573e-05 -0.00010259 -0.000982756 2.81036e-05 -9.8825e-05 1.69731e-05 -3.36028e-05 1.91755e-05 -5.9215e-05
internal_weight=437 411 58 353 319 293 272 251 217
internal_count=437 411 58 353 319 293 272 251 217
is_linear=0
shrinkage=0.05


Tree=69
num_leaves=11
num_cat=0
split_feature=14 14 21 13 13 14 14 25 10 11
split_gain=0.0163883 0.0385189 0.0260395 0.0719247 0.114783 0.11168 0.0217443 0.0201886 0.00199729 0.000278758
threshold=0.035929432013769365 0.041885964912280707 1.0000000180025095e-35 0.024861690819123181 0.022165404003697872 0.016261237440507673 0.054299754299754303 0.21814115345478061 -0.6830127018922193 0.93301270189221952
decision_type=2 2 2 2 2 2 2 2 2 2
left_child=2 -2 3 4 5 -1 -3 -4 -8 -10
right_child=1 6 7 -5 -6 -7 8 -9 9 -11
leaf_value=-0.00046508584743619328 -0.0020200252324933917 0.0015077175431773622 -0.0013708919164311794 0.0034955717276194754 -0.0018656649066965993 0.0045524452702347534 -0.00061505867401418694 0.00033894553001966076 -0.00013144692956882991 0
leaf_weight=20 28 20 29 21 36 21 31 35 174 22
leaf_count=20 28 20 29 21 36 21 31 35 174 22
internal_value=-1.54583e-05 -0.00026127 0.000370873 0.00089821 0.000121373 0.00198804 -4.0925e-05 -0.000358751 -0.00019999 -0.000108564
internal_weight=437 275 162 98 77 41 247 64 227 196
internal_count=437 275 162 98 77 41 247 64 227 196
is_linear=0
shrinkage=0.05


Tree=70
num_leaves=13
num_cat=0
split_feature=5 22 3 13 13 12 13 13 20 13 3 8
split_gain=0.0136605 0.0154853 0.0441956 0.0308846 0.0182347 0.0672799 0.0280858 0.0129378 0.000530437 0.00194188 0.000427493 0.0014063
threshold=1.0000000180025095e-35 0.050000002607703216 1.0000000180025095e-35 0.027093156620364472 0.023151134976327783 2157.0000000000005 0.02110261291651359 0.024977877373805541 1.0000000180025095e-35 0.11290369213866483 4.5000000000000009 1.0000000180025095e-35
decision_type=2 2 2 2 2 2 2 2 2 2 2 2
left_child=1 2 -1 -3 5 -4 -7 -6 10 -10 11 -5
right_child=-2 3 4 8 7 6 -8 -9 9 -11 -12 -13
leaf_value=-0.0022946546349700975 0.0010793730395335804 0.0018021108262589671 0.0023301583228819227 0.00044193551447546821 -0.0016754224666120138 -0.0020828455615947597 0.00034473749973934796 -3.1942774436277002e-05 -0.00054453627616528452 0 0 0
leaf_weight=28 26 25 29 24 23 21 21 39 21 132 25 23
leaf_count=28 26 25 29 24 23 21 21 39 21 132 25 23
internal_value=-1.50356e-05 -9.66765e-05 -0.000486018 0.000134161 -6.62486e-05 0.000437884 -0.000752353 -0.000723852 -2.96721e-05 -9.56897e-05 4.12052e-05 0.000159028
internal_weight=437 411 161 250 133 71 42 62 225 153 72 47
internal_count=437 411 161 250 133 71 42 62 225 153 72 47
is_linear=0
shrinkage=0.05


Tree=71
num_leaves=12
num_cat=0
split_feature=14 13 13 13 13 13 13 2 2 2 14
split_gain=0.0184068 0.0569718 0.0211727 0.0226336 0.0162468 0.0157067 0.0189264 0.000597125 0.00133083 0.000325769 5.64347e-06
threshold=0.018350168350168353 0.02135449239107776 0.022039972581594052 0.024024705487696592 0.024270660407109242 0.025910684948818402 0.027751885624226053 11.500000000000002 7.5000000000000009 9.5000000000000018 0.19496357301235354
decision_type=2 2 2 2 2 2 2 2 2 2 2
left_child=1 -1 -2 -4 -3 -5 -7 8 10 -10 -8
right_child=2 4 3 5 -6 6 7 -9 9 -11 -12
leaf_value=0.0029747312420525061 -0.0014188905419119996 -0.0009738889310268265 0.0012779948616754809 -0.0012877879096227108 0.00085059450234145162 0.0013728794449238521 -9.4644367161892073e-05 0 -0.00054783540448726778 0 0
leaf_weight=20 31 28 29 29 20 21 150 25 41 23 20
leaf_count=20 31 28 29 29 20 21 150 25 41 23 20
internal_value=-1.49591e-05 0.000727207 -0.000165433 -3.52969e-05 -0.000109549 -0.0001751 -4.15884e-05 -0.000176058 -0.000201701 -0.000423945 -8.84387e-05
internal_weight=437 68 369 338 48 309 280 259 234 64 170
internal_count=437 68 369 338 48 309 280 259 234 64 170
is_linear=0
shrinkage=0.05


Tree=72
num_leaves=14
num_cat=0
split_feature=14 13 13 13 13 14 10 21 13 13 14 14 11
split_gain=0.0166745 0.0514225 0.0194798 0.019874 0.0146893 0.0128596 0.00902299 0.0426729 0.0225868 0.000261758 0.000100321 7.17717e-05 7.17709e-05
threshold=0.018350168350168353 0.02135449239107776 0.022992749731471539 0.02441508121802196 0.024270660407109242 0.032433380084151482 -0.6830127018922193 0.10714286193251611 0.026191677175283735 0.11497994275382566 0.13069358178053833 0.11506935687263557 -0.5
decision_type=2 2 2 2 2 2 2 2 2 2 2 2 2
left_child=1 -1 5 -4 -3 -2 7 -5 -8 11 -11 12 -10
right_child=2 4 3 6 -6 -7 8 -9 9 10 -12 -13 -14
leaf_value=0.0028267346118664854 -0.0018945291451924291 -0.00092536776908259055 0.0014977861807417515 0.0022352655587046986 0.00080827633301213157 0 -0.0016953979474139879 -0.00059366828864084917 0 -0.00018005899360111415 0 -5.380122194003005e-05 7.6498555584870195e-05
leaf_weight=20 25 28 20 21 20 20 25 32 25 72 37 61 31
leaf_count=20 25 28 20 21 20 20 25 32 25 72 37 61 31
internal_value=-1.4632e-05 0.000691056 -0.000158376 -7.21302e-06 -9.88873e-05 -0.00113345 -0.000123128 0.000435167 -0.000261054 -7.95936e-05 -0.000138301 0 6.76948e-06
internal_weight=437 68 369 324 48 45 304 53 251 226 109 117 56
internal_count=437 68 369 324 48 45 304 53 251 226 109 117 56
is_linear=0
shrinkage=0.05


Tree=73
num_leaves=14
num_cat=0
split_feature=14 13 13 13 13 14 10 21 13 13 14 14 11
split_gain=0.0151286 0.0464138 0.0176667 0.0180836 0.0132811 0.0114574 0.00829577 0.0386121 0.0241654 0.000234901 8.05866e-05 6.43433e-05 6.52371e-05
threshold=0.018350168350168353 0.02135449239107776 0.022992749731471539 0.024531519031778141 0.024270660407109242 0.032433380084151482 -0.6830127018922193 0.10714286193251611 0.026191677175283735 0.11497994275382566 0.13182720953326715 0.11506935687263557 -0.5
decision_type=2 2 2 2 2 2 2 2 2 2 2 2 2
left_child=1 -1 5 -4 -3 -2 7 -5 -8 11 -11 12 -10
right_child=2 4 3 6 -6 -7 8 -9 9 10 -12 -13 -14
leaf_value=0.0026861009137028481 -0.0018001800957710976 -0.00087926403033233066 0.0013554497893764827 0.0021240319709913691 0.00076806352210847379 0 -0.0018087863889865545 -0.00056407733155251988 0 -0.00016885695729309093 0 -5.1115562978033706e-05 7.268593113078104e-05
leaf_weight=20 25 28 22 21 20 20 23 32 25 74 35 61 31
leaf_count=20 25 28 22 21 20 20 23 32 25 74 35 61 31
internal_value=-1.4754e-05 0.000656702 -0.000152182 -7.46591e-06 -8.87576e-05 -0.00108095 -0.000123718 0.000408855 -0.000257268 -7.65253e-05 -0.000132359 0 4.65589e-06
internal_weight=437 68 369 324 48 45 302 53 249 226 109 117 56
internal_count=437 68 369 324 48 45 302 53 249 226 109 117 56
is_linear=0
shrinkage=0.05


Tree=74
num_leaves=11
num_cat=0
split_feature=14 14 21 22 14 11 9 14 10 11
split_gain=0.0143123 0.0345149 0.0224429 0.0628282 0.0548889 0.0736123 0.0191276 0.018295 0.00186002 0.000240039
threshold=0.035929432013769365 0.041885964912280707 1.0000000180025095e-35 1.0000000180025095e-35 0.027587519025875192 0.6830127018922193 1.0000000180025095e-35 0.054299754299754303 -0.6830127018922193 0.93301270189221952
decision_type=2 2 2 2 2 2 2 2 2 2
left_child=2 -2 3 4 5 -1 -4 -3 -9 -10
right_child=1 7 6 -5 -6 -7 -8 8 9 -11
leaf_value=-0.002629296340585232 -0.0019100906451860794 0.001382800154689125 -0.0013758033501565098 0.0027844235710671674 0.0021400917381582279 0.001228884390939898 0.00030353469913762632 -0.00058163704243533538 -0.00011607225187413853 0
leaf_weight=28 28 20 27 29 21 20 37 31 174 22
leaf_count=28 28 20 27 29 21 20 37 31 174 22
internal_value=-1.48536e-05 -0.000245254 0.000345323 0.000835882 0 -0.000918558 -0.000327974 -3.55963e-05 -0.000183136 -9.43458e-05
internal_weight=437 275 162 98 69 48 64 247 227 196
internal_count=437 275 162 98 69 48 64 247 227 196
is_linear=0
shrinkage=0.05


end of trees

feature_importances:
liaison_cible_encodage_ventes=226
interaction_jour_liaison_ventes=178
mois_cos=56
Mois=51
JourSemaine=32
rolling_mean_30_ventes=26
LiaisonId_code=24
EstFerie=21
rolling_mean_14_ventes=20
mois_sin=19
jour_semaine_sin=15
rolling_std_30_ventes=11
liaison_frequence=8
rolling_mean_7_ventes=7
EstWeekend=6
jour_semaine_cos=6
lag_365_ventes=1
rolling_std_7_ventes=1
rolling_std_14_ventes=1

parameters:
[boosting: gbdt]
[objective: regression]
[metric: rmse,l2]
[tree_learner: serial]
[device_type: cpu]
[data_sample_strategy: bagging]
[data: ]
[valid: ]
[num_iterations: 1000]
[learning_rate: 0.05]
[num_leaves: 63]
[num_threads: 2]
[seed: 42]
[deterministic: 1]
[force_col_wise: 0]
[force_row_wise: 1]
[histogram_pool_size: -1]
[max_depth: 8]
[min_data_in_leaf: 20]
[min_sum_hessian_in_leaf: 0.001]
[bagging_fraction: 0.8]
[pos_bagging_fraction: 1]
[neg_bagging_fraction: 1]
[bagging_freq: 0]
[bagging_seed: 400]
[bagging_by_query: 0]
[feature_fraction: 0.8]
[feature_fraction_bynode: 1]
[feature_fraction_seed: 30056]
[extra_trees: 0]
[extra_seed: 12879]
[early_stopping_round: 0]
[early_stopping_min_delta: 0]
[first_metric_only: 0]
[max_delta_step: 0]
[lambda_l1: 0.1]
[lambda_l2: 0.1]
[linear_lambda: 0]
[min_gain_to_split: 0]
[drop_rate: 0.1]
[max_drop: 50]
[skip_drop: 0.5]
[xgboost_dart_mode: 0]
[uniform_drop: 0]
[drop_seed: 17869]
[top_rate: 0.2]
[other_rate: 0.1]
[min_data_per_group: 100]
[max_cat_threshold: 32]
[cat_l2: 10]
[cat_smooth: 10]
[max_cat_to_onehot: 4]
[top_k: 20]
[monotone_constraints: ]
[monotone_constraints_method: basic]
[monotone_penalty: 0]
[feature_contri: ]
[forcedsplits_filename: ]
[refit_decay_rate: 0.9]
[cegb_tradeoff: 1]
[cegb_penalty_split: 0]
[cegb_penalty_feature_lazy: ]
[cegb_penalty_feature_coupled: ]
[path_smooth: 0]
[interaction_constraints: ]
[verbosity: 1]
[saved_feature_importance_type: 0]
[use_quantized_grad: 0]
[num_grad_quant_bins: 4]
[quant_train_renew_leaf: 0]
[stochastic_rounding: 1]
[linear_tree: 0]
[max_bin: 255]
[max_bin_by_feature: ]
[min_data_in_bin: 3]
[bin_construct_sample_cnt: 200000]
[data_random_seed: 175]
[is_enable_sparse: 1]
[enable_bundle: 1]
[use_missing: 1]
[zero_as_missing: 0]
[feature_pre_filter: 1]
[pre_partition: 0]
[two_round: 0]
[header: 0]
[label_column: ]
[weight_column: ]
[group_column: ]
[ignore_column: ]
[categorical_feature: ]
[forcedbins_filename: ]
[precise_float_parser: 0]
[parser_config_file: ]
[objective_seed: 16083]
[num_class: 1]
[is_unbalance: 0]
[scale_pos_weight: 1]
[sigmoid: 1]
[boost_from_average: 1]
[reg_sqrt: 0]
[alpha: 0.9]
[fair_c: 1]
[poisson_max_delta_step: 0.7]
[tweedie_variance_power: 1.5]
[lambdarank_truncation_level: 30]
[lambdarank_norm: 1]
[label_gain: ]
[lambdarank_position_bias_regularization: 0]
[eval_at: ]
[multi_error_top_k: 1]
[auc_mu_weights: ]
[num_machines: 1]
[local_listen_port: 12400]
[time_out: 120]
[machine_list_filename: ]
[machines: ]
[gpu_platform_id: -1]
[gpu_device_id: -1]
[gpu_device_id_list: ]
[gpu_use_dp: 0]
[num_gpu: 1]

end of parameters

pandas_categorical:[]
